 2459785.93615    616.37
 2459786.07137    616.39
 2459786.20658    616.41
 2459786.34180    616.42
 2459786.47701    616.44
 2459786.61223    616.46
 2459786.74744    616.48
 2459786.88266    616.50
 2459787.01787    616.51
 2459787.15309    616.53
 2459787.28830    616.54
 2459787.42352    616.56
 2459787.55873    616.57
 2459787.69395    616.58
 2459787.82916    616.60
 2459787.96438    616.61
 2459788.09959    616.62
 2459788.23481    616.63
 2459788.37002    616.64
 2459788.50524    616.65
 2459788.64045    616.66
 2459788.77567    616.67
 2459788.91088    616.67
 2459789.04610    616.68
 2459789.18131    616.69
 2459789.31653    616.69
 2459789.45174    616.70
 2459789.58696    616.70
 2459789.72217    616.71
 2459789.85739    616.71
 2459789.99260    616.72
 2459790.12782    616.72
 2459790.26303    616.72
 2459790.39825    616.72
 2459790.53346    616.73
 2459790.66868    616.73
 2459790.80389    616.73
 2459790.93911    616.73
 2459791.07432    616.73
 2459791.20954    616.73
 2459791.34475    616.74
 2459791.47997    616.74
 2459791.61518    616.74
 2459791.75040    616.74
 2459791.88561    616.74
 2459792.02083    616.74
 2459792.15604    616.74
 2459792.29126    616.74
 2459792.42647    616.75
 2459792.56169    616.75
 2459792.69690    616.75
 2459792.83212    616.75
 2459792.96733    616.76
 2459793.10255    616.76
 2459793.23776    616.76
 2459793.37298    616.77
 2459793.50819    616.77
 2459793.64341    616.78
 2459793.77862    616.79
 2459793.91384    616.79
 2459794.04905    616.80
 2459794.18427    616.81
 2459794.31948    616.82
 2459794.45470    616.83
 2459794.58991    616.84
 2459794.72513    616.85
 2459794.86034    616.87
 2459794.99556    616.88
 2459795.13077    616.90
 2459795.26599    616.91
 2459795.40120    616.93
 2459795.53642    616.95
 2459795.67163    616.96
 2459795.80685    616.98
 2459795.94206    617.00
 2459796.07728    617.03
 2459796.21249    617.05
 2459796.34771    617.07
 2459796.48292    617.10
 2459796.61814    617.12
 2459796.75335    617.15
 2459796.88857    617.17
 2459797.02378    617.20
 2459797.15900    617.23
 2459797.29421    617.26
 2459797.42943    617.28
 2459797.56464    617.31
 2459797.69986    617.34
 2459797.83507    617.37
 2459797.97029    617.40
 2459798.10550    617.44
 2459798.24072    617.47
 2459798.37593    617.50
 2459798.51115    617.53
 2459798.64636    617.56
 2459798.78158    617.59
 2459798.91679    617.62
 2459799.05201    617.65
 2459799.18722    617.68
 2459799.32244    617.71
 2459799.45765    617.74
 2459799.59287    617.77
 2459799.72808    617.80
 2459799.86330    617.83
 2459799.99851    617.85
 2459800.13373    617.88
 2459800.26894    617.90
 2459800.40416    617.93
 2459800.53937    617.95
 2459800.67459    617.97
 2459800.80980    617.99
 2459800.94502    618.01
 2459801.08024    618.03
 2459801.21545    618.05
 2459801.35067    618.06
 2459801.48588    618.07
 2459801.62110    618.09
 2459801.75631    618.10
 2459801.89153    618.11
 2459802.02674    618.12
 2459802.16196    618.13
 2459802.29717    618.13
 2459802.43239    618.14
 2459802.56760    618.14
 2459802.70282    618.15
 2459802.83803    618.15
 2459802.97325    618.15
 2459803.10846    618.15
 2459803.24368    618.16
 2459803.37889    618.16
 2459803.51411    618.15
 2459803.64932    618.15
 2459803.78454    618.15
 2459803.91975    618.15
 2459804.05496    618.15
 2459804.19018    618.15
 2459804.32539    618.15
 2459804.46061    618.15
 2459804.59582    618.14
 2459804.73104    618.14
 2459804.86625    618.14
 2459805.00147    618.14
 2459805.13668    618.14
 2459805.27190    618.14
 2459805.40711    618.14
 2459805.54233    618.14
 2459805.67754    618.15
 2459805.81276    618.15
 2459805.94797    618.15
 2459806.08319    618.16
 2459806.21840    618.16
 2459806.35362    618.17
 2459806.48883    618.18
 2459806.62405    618.18
 2459806.75926    618.19
 2459806.89448    618.20
 2459807.02970    618.21
 2459807.16491    618.22
 2459807.30013    618.23
 2459807.43534    618.25
 2459807.57056    618.26
 2459807.70577    618.27
 2459807.84099    618.29
 2459807.97620    618.30
 2459808.11142    618.32
 2459808.24663    618.34
 2459808.38185    618.35
 2459808.51706    618.37
 2459808.65228    618.39
 2459808.78749    618.41
 2459808.92271    618.43
 2459809.05792    618.45
 2459809.19314    618.47
 2459809.32835    618.49
 2459809.46357    618.51
 2459809.59878    618.53
 2459809.73400    618.56
 2459809.86921    618.58
 2459810.00443    618.60
 2459810.13964    618.62
 2459810.27486    618.65
 2459810.41007    618.67
 2459810.54529    618.69
 2459810.68050    618.72
 2459810.81572    618.74
 2459810.95093    618.76
 2459811.08615    618.78
 2459811.22136    618.81
 2459811.35658    618.83
 2459811.49179    618.85
 2459811.62701    618.87
 2459811.76222    618.89
 2459811.89744    618.92
 2459812.03265    618.94
 2459812.16787    618.96
 2459812.30308    618.98
 2459812.43830    619.00
 2459812.57351    619.02
 2459812.70873    619.04
 2459812.84394    619.06
 2459812.97916    619.08
 2459813.11437    619.10
 2459813.24959    619.11
 2459813.38480    619.13
 2459813.52002    619.15
 2459813.65523    619.16
 2459813.79045    619.18
 2459813.92566    619.19
 2459814.06088    619.21
 2459814.19609    619.22
 2459814.33131    619.24
 2459814.46652    619.25
 2459814.60174    619.26
 2459814.73695    619.27
 2459814.87217    619.28
 2459815.00738    619.29
 2459815.14260    619.30
 2459815.27781    619.31
 2459815.41303    619.32
 2459815.54824    619.33
 2459815.68346    619.33
 2459815.81867    619.34
 2459815.95389    619.35
 2459816.08910    619.35
 2459816.22432    619.36
 2459816.35953    619.36
 2459816.49475    619.36
 2459816.62996    619.37
 2459816.76518    619.37
 2459816.90039    619.37
 2459817.03561    619.37
 2459817.17082    619.38
 2459817.30604    619.38
 2459817.44125    619.38
 2459817.57647    619.38
 2459817.71168    619.38
 2459817.84690    619.38
 2459817.98211    619.38
 2459818.11733    619.38
 2459818.25254    619.38
 2459818.38776    619.37
 2459818.52297    619.37
 2459818.65819    619.37
 2459818.79340    619.37
 2459818.92862    619.37
 2459819.06383    619.37
 2459819.19905    619.37
 2459819.33426    619.37
 2459819.46948    619.37
 2459819.60469    619.37
 2459819.73991    619.36
 2459819.87512    619.37
 2459820.01034    619.37
 2459820.14555    619.37
 2459820.28077    619.37
 2459820.41598    619.37
 2459820.55120    619.37
 2459820.68641    619.38
 2459820.82163    619.38
 2459820.95684    619.38
 2459821.09206    619.39
 2459821.22727    619.40
 2459821.36249    619.40
 2459821.49770    619.41
 2459821.63292    619.42
 2459821.76813    619.43
 2459821.90335    619.44
 2459822.03857    619.45
 2459822.17378    619.46
 2459822.30900    619.47
 2459822.44421    619.49
 2459822.57943    619.50
 2459822.71464    619.52
 2459822.84986    619.53
 2459822.98507    619.55
 2459823.12029    619.57
 2459823.25550    619.59
 2459823.39072    619.61
 2459823.52593    619.63
 2459823.66115    619.65
 2459823.79636    619.68
 2459823.93158    619.70
 2459824.06679    619.72
 2459824.20201    619.75
 2459824.33722    619.77
 2459824.47244    619.80
 2459824.60765    619.83
 2459824.74287    619.85
 2459824.87808    619.88
 2459825.01330    619.91
 2459825.14851    619.94
 2459825.28373    619.97
 2459825.41894    620.00
 2459825.55416    620.03
 2459825.68937    620.06
 2459825.82459    620.09
 2459825.95980    620.11
 2459826.09502    620.14
 2459826.23023    620.17
 2459826.36545    620.20
 2459826.50066    620.23
 2459826.63588    620.26
 2459826.77109    620.28
 2459826.90631    620.31
 2459827.04152    620.34
 2459827.17674    620.36
 2459827.31195    620.39
 2459827.44717    620.41
 2459827.58238    620.43
 2459827.71760    620.46
 2459827.85281    620.48
 2459827.98803    620.50
 2459828.12324    620.52
 2459828.25846    620.53
 2459828.39367    620.55
 2459828.52889    620.57
 2459828.66410    620.58
 2459828.79932    620.59
 2459828.93453    620.61
 2459829.06975    620.62
 2459829.20496    620.63
 2459829.34018    620.64
 2459829.47539    620.64
 2459829.61061    620.65
 2459829.74582    620.66
 2459829.88104    620.66
 2459830.01625    620.66
 2459830.15147    620.67
 2459830.28668    620.67
 2459830.42190    620.67
 2459830.55711    620.67
 2459830.69233    620.67
 2459830.82754    620.67
 2459830.96276    620.67
 2459831.09797    620.67
 2459831.23319    620.67
 2459831.36840    620.67
 2459831.50362    620.67
 2459831.63883    620.67
 2459831.77405    620.66
 2459831.90926    620.66
 2459832.04448    620.66
 2459832.17969    620.66
 2459832.31491    620.66
 2459832.45012    620.66
 2459832.58534    620.66
 2459832.72055    620.66
 2459832.85577    620.66
 2459832.99098    620.66
 2459833.12620    620.67
 2459833.26141    620.67
 2459833.39663    620.67
 2459833.53184    620.68
 2459833.66706    620.69
 2459833.80227    620.69
 2459833.93749    620.70
 2459834.07270    620.71
 2459834.20792    620.72
 2459834.34313    620.73
 2459834.47835    620.74
 2459834.61356    620.75
 2459834.74878    620.76
 2459834.88399    620.78
 2459835.01921    620.79
 2459835.15442    620.81
 2459835.28964    620.82
 2459835.42485    620.84
 2459835.56007    620.86
 2459835.69528    620.88
 2459835.83050    620.90
 2459835.96571    620.91
 2459836.10093    620.94
 2459836.23614    620.96
 2459836.37136    620.98
 2459836.50657    621.00
 2459836.64179    621.02
 2459836.77700    621.04
 2459836.91222    621.07
 2459837.04743    621.09
 2459837.18265    621.11
 2459837.31786    621.14
 2459837.45308    621.16
 2459837.58830    621.19
 2459837.72351    621.21
 2459837.85873    621.24
 2459837.99394    621.26
 2459838.12916    621.29
 2459838.26437    621.31
 2459838.39959    621.34
 2459838.53480    621.36
 2459838.67002    621.38
 2459838.80523    621.41
 2459838.94045    621.43
 2459839.07566    621.46
 2459839.21088    621.48
 2459839.34609    621.50
 2459839.48131    621.53
 2459839.61652    621.55
 2459839.75174    621.57
 2459839.88695    621.59
 2459840.02217    621.61
 2459840.15738    621.64
 2459840.29260    621.66
 2459840.42781    621.68
 2459840.56303    621.70
 2459840.69824    621.72
 2459840.83346    621.73
 2459840.96867    621.75
 2459841.10389    621.77
 2459841.23910    621.79
 2459841.37432    621.80
 2459841.50953    621.82
 2459841.64475    621.83
 2459841.77996    621.85
 2459841.91518    621.86
 2459842.05039    621.88
 2459842.18561    621.89
 2459842.32082    621.90
 2459842.45604    621.91
 2459842.59125    621.92
 2459842.72647    621.93
 2459842.86168    621.94
 2459842.99690    621.95
 2459843.13211    621.96
 2459843.26733    621.97
 2459843.40254    621.98
 2459843.53776    621.99
 2459843.67297    621.99
 2459843.80819    622.00
 2459843.94340    622.00
 2459844.07862    622.01
 2459844.21383    622.01
 2459844.34905    622.02
 2459844.48426    622.02
 2459844.61948    622.02
 2459844.75469    622.03
 2459844.88991    622.03
 2459845.02512    622.03
 2459845.16034    622.03
 2459845.29555    622.04
 2459845.43077    622.04
 2459845.56598    622.04
 2459845.70120    622.04
 2459845.83641    622.04
 2459845.97163    622.04
 2459846.10684    622.05
 2459846.24206    622.05
 2459846.37727    622.05
 2459846.51249    622.05
 2459846.64770    622.05
 2459846.78292    622.06
 2459846.91813    622.06
 2459847.05335    622.06
 2459847.18856    622.06
 2459847.32378    622.07
 2459847.45899    622.07
 2459847.59421    622.08
 2459847.72942    622.08
 2459847.86464    622.09
 2459847.99985    622.09
 2459848.13507    622.10
 2459848.27028    622.11
 2459848.40550    622.12
 2459848.54071    622.13
 2459848.67593    622.14
 2459848.81114    622.15
 2459848.94636    622.16
 2459849.08157    622.17
 2459849.21679    622.18
 2459849.35200    622.20
 2459849.48722    622.22
 2459849.62243    622.23
 2459849.75765    622.25
 2459849.89286    622.27
 2459850.02808    622.29
 2459850.16329    622.31
 2459850.29851    622.33
 2459850.43372    622.35
 2459850.56894    622.38
 2459850.70415    622.40
 2459850.83937    622.43
 2459850.97458    622.45
 2459851.10980    622.48
 2459851.24501    622.51
 2459851.38023    622.54
 2459851.51544    622.57
 2459851.65066    622.60
 2459851.78587    622.63
 2459851.92109    622.66
 2459852.05630    622.69
 2459852.19152    622.72
 2459852.32673    622.75
 2459852.46195    622.79
 2459852.59716    622.82
 2459852.73238    622.85
 2459852.86759    622.89
 2459853.00281    622.92
 2459853.13802    622.95
 2459853.27324    622.98
 2459853.40845    623.02
 2459853.54367    623.05
 2459853.67888    623.08
 2459853.81410    623.11
 2459853.94932    623.14
 2459854.08453    623.17
 2459854.21975    623.20
 2459854.35496    623.23
 2459854.49018    623.26
 2459854.62539    623.29
 2459854.76061    623.32
 2459854.89582    623.34
 2459855.03104    623.37
 2459855.16625    623.39
 2459855.30147    623.41
 2459855.43668    623.44
 2459855.57190    623.46
 2459855.70711    623.48
 2459855.84233    623.49
 2459855.97754    623.51
 2459856.11276    623.53
 2459856.24797    623.54
 2459856.38319    623.56
 2459856.51840    623.57
 2459856.65361    623.58
 2459856.78883    623.60
 2459856.92404    623.61
 2459857.05926    623.62
 2459857.19447    623.63
 2459857.32969    623.63
 2459857.46490    623.64
 2459857.60012    623.65
 2459857.73533    623.65
 2459857.87055    623.66
 2459858.00576    623.66
 2459858.14098    623.67
 2459858.27619    623.67
 2459858.41141    623.67
 2459858.54662    623.68
 2459858.68184    623.68
 2459858.81705    623.68
 2459858.95227    623.69
 2459859.08748    623.69
 2459859.22270    623.69
 2459859.35791    623.70
 2459859.49313    623.70
 2459859.62834    623.70
 2459859.76356    623.71
 2459859.89877    623.71
 2459860.03399    623.72
 2459860.16920    623.72
 2459860.30442    623.73
 2459860.43963    623.74
 2459860.57485    623.75
 2459860.71006    623.75
 2459860.84528    623.76
 2459860.98049    623.77
 2459861.11571    623.78
 2459861.25092    623.80
 2459861.38614    623.81
 2459861.52135    623.82
 2459861.65657    623.84
 2459861.79178    623.85
 2459861.92700    623.87
 2459862.06221    623.89
 2459862.19743    623.90
 2459862.33264    623.92
 2459862.46786    623.94
 2459862.60307    623.96
 2459862.73829    623.98
 2459862.87350    624.01
 2459863.00872    624.03
 2459863.14393    624.05
 2459863.27915    624.08
 2459863.41436    624.10
 2459863.54958    624.13
 2459863.68479    624.15
 2459863.82001    624.18
 2459863.95522    624.21
 2459864.09044    624.23
 2459864.22565    624.26
 2459864.36087    624.29
 2459864.49608    624.32
 2459864.63130    624.35
 2459864.76651    624.38
 2459864.90173    624.41
 2459865.03694    624.44
 2459865.17216    624.47
 2459865.30737    624.50
 2459865.44259    624.53
 2459865.57780    624.56
 2459865.71302    624.59
 2459865.84823    624.62
 2459865.98345    624.65
 2459866.11866    624.68
 2459866.25388    624.71
 2459866.38909    624.74
 2459866.52431    624.77
 2459866.65952    624.79
 2459866.79474    624.82
 2459866.92995    624.85
 2459867.06517    624.88
 2459867.20038    624.91
 2459867.33559    624.93
 2459867.47081    624.96
 2459867.60602    624.99
 2459867.74124    625.01
 2459867.87645    625.04
 2459868.01167    625.06
 2459868.14688    625.09
 2459868.28210    625.11
 2459868.41731    625.13
 2459868.55253    625.16
 2459868.68774    625.18
 2459868.82296    625.20
 2459868.95817    625.22
 2459869.09339    625.24
 2459869.22860    625.26
 2459869.36382    625.28
 2459869.49903    625.30
 2459869.63425    625.31
 2459869.76946    625.33
 2459869.90468    625.35
 2459870.03989    625.36
 2459870.17511    625.38
 2459870.31032    625.39
 2459870.44554    625.41
 2459870.58075    625.42
 2459870.71597    625.44
 2459870.85118    625.45
 2459870.98640    625.46
 2459871.12161    625.47
 2459871.25683    625.48
 2459871.39204    625.49
 2459871.52726    625.50
 2459871.66247    625.51
 2459871.79769    625.52
 2459871.93290    625.53
 2459872.06812    625.54
 2459872.20333    625.55
 2459872.33854    625.56
 2459872.47376    625.57
 2459872.60897    625.57
 2459872.74419    625.58
 2459872.87940    625.59
 2459873.01462    625.59
 2459873.14983    625.60
 2459873.28505    625.61
 2459873.42026    625.62
 2459873.55548    625.62
 2459873.69069    625.63
 2459873.82591    625.64
 2459873.96112    625.64
 2459874.09634    625.65
 2459874.23155    625.66
 2459874.36677    625.67
 2459874.50198    625.68
 2459874.63720    625.69
 2459874.77241    625.69
 2459874.90763    625.70
 2459875.04284    625.71
 2459875.17806    625.73
 2459875.31327    625.74
 2459875.44848    625.75
 2459875.58370    625.76
 2459875.71891    625.78
 2459875.85413    625.79
 2459875.98934    625.81
 2459876.12456    625.82
 2459876.25977    625.84
 2459876.39499    625.86
 2459876.53020    625.88
 2459876.66542    625.90
 2459876.80063    625.92
 2459876.93585    625.94
 2459877.07106    625.96
 2459877.20628    625.99
 2459877.34149    626.01
 2459877.47671    626.04
 2459877.61192    626.07
 2459877.74714    626.10
 2459877.88235    626.13
 2459878.01757    626.16
 2459878.15278    626.19
 2459878.28799    626.22
 2459878.42321    626.25
 2459878.55842    626.29
 2459878.69364    626.32
 2459878.82885    626.36
 2459878.96407    626.40
 2459879.09928    626.43
 2459879.23450    626.47
 2459879.36971    626.51
 2459879.50493    626.55
 2459879.64014    626.59
 2459879.77536    626.63
 2459879.91057    626.66
 2459880.04579    626.70
 2459880.18100    626.74
 2459880.31622    626.78
 2459880.45143    626.82
 2459880.58665    626.86
 2459880.72186    626.90
 2459880.85708    626.94
 2459880.99229    626.98
 2459881.12750    627.02
 2459881.26272    627.05
 2459881.39793    627.09
 2459881.53315    627.13
 2459881.66836    627.16
 2459881.80358    627.19
 2459881.93879    627.23
 2459882.07401    627.26
 2459882.20922    627.29
 2459882.34444    627.32
 2459882.47965    627.35
 2459882.61487    627.38
 2459882.75008    627.40
 2459882.88530    627.43
 2459883.02051    627.46
 2459883.15573    627.48
 2459883.29094    627.50
 2459883.42615    627.52
 2459883.56137    627.54
 2459883.69658    627.56
 2459883.83180    627.58
 2459883.96701    627.60
 2459884.10223    627.61
 2459884.23744    627.63
 2459884.37266    627.64
 2459884.50787    627.66
 2459884.64309    627.67
 2459884.77830    627.68
 2459884.91352    627.69
 2459885.04873    627.70
 2459885.18394    627.71
 2459885.31916    627.72
 2459885.45437    627.73
 2459885.58959    627.74
 2459885.72480    627.75
 2459885.86002    627.76
 2459885.99523    627.77
 2459886.13045    627.78
 2459886.26566    627.79
 2459886.40088    627.79
 2459886.53609    627.80
 2459886.67131    627.81
 2459886.80652    627.82
 2459886.94173    627.83
 2459887.07695    627.84
 2459887.21216    627.85
 2459887.34738    627.86
 2459887.48259    627.87
 2459887.61781    627.88
 2459887.75302    627.89
 2459887.88824    627.91
 2459888.02345    627.92
 2459888.15867    627.94
 2459888.29388    627.95
 2459888.42909    627.97
 2459888.56431    627.98
 2459888.69952    628.00
 2459888.83474    628.02
 2459888.96995    628.04
 2459889.10517    628.06
 2459889.24038    628.08
 2459889.37560    628.10
 2459889.51081    628.12
 2459889.64603    628.15
 2459889.78124    628.17
 2459889.91646    628.19
 2459890.05167    628.22
 2459890.18688    628.25
 2459890.32210    628.27
 2459890.45731    628.30
 2459890.59253    628.33
 2459890.72774    628.36
 2459890.86296    628.39
 2459890.99817    628.42
 2459891.13339    628.45
 2459891.26860    628.48
 2459891.40382    628.52
 2459891.53903    628.55
 2459891.67424    628.58
 2459891.80946    628.61
 2459891.94467    628.65
 2459892.07989    628.68
 2459892.21510    628.72
 2459892.35032    628.75
 2459892.48553    628.78
 2459892.62075    628.82
 2459892.75596    628.85
 2459892.89118    628.89
 2459893.02639    628.92
 2459893.16161    628.96
 2459893.29682    628.99
 2459893.43203    629.03
 2459893.56725    629.06
 2459893.70246    629.09
 2459893.83768    629.13
 2459893.97289    629.16
 2459894.10811    629.19
 2459894.24332    629.23
 2459894.37854    629.26
 2459894.51375    629.29
 2459894.64897    629.32
 2459894.78418    629.35
 2459894.91939    629.39
 2459895.05461    629.42
 2459895.18982    629.45
 2459895.32504    629.47
 2459895.46025    629.50
 2459895.59547    629.53
 2459895.73068    629.56
 2459895.86590    629.59
 2459896.00111    629.61
 2459896.13632    629.64
 2459896.27154    629.66
 2459896.40675    629.69
 2459896.54197    629.71
 2459896.67718    629.73
 2459896.81240    629.76
 2459896.94761    629.78
 2459897.08283    629.80
 2459897.21804    629.82
 2459897.35325    629.84
 2459897.48847    629.86
 2459897.62368    629.88
 2459897.75890    629.90
 2459897.89411    629.92
 2459898.02933    629.93
 2459898.16454    629.95
 2459898.29976    629.97
 2459898.43497    629.98
 2459898.57018    630.00
 2459898.70540    630.01
 2459898.84061    630.03
 2459898.97583    630.04
 2459899.11104    630.05
 2459899.24626    630.07
 2459899.38147    630.08
 2459899.51669    630.09
 2459899.65190    630.10
 2459899.78711    630.11
 2459899.92233    630.12
 2459900.05754    630.14
 2459900.19276    630.15
 2459900.32797    630.16
 2459900.46319    630.17
 2459900.59840    630.18
 2459900.73361    630.19
 2459900.86883    630.20
 2459901.00404    630.21
 2459901.13926    630.22
 2459901.27447    630.23
 2459901.40969    630.24
 2459901.54490    630.25
 2459901.68011    630.27
 2459901.81533    630.28
 2459901.95054    630.29
 2459902.08576    630.30
 2459902.22097    630.32
 2459902.35619    630.33
 2459902.49140    630.34
 2459902.62661    630.36
 2459902.76183    630.37
 2459902.89704    630.39
 2459903.03226    630.41
 2459903.16747    630.42
 2459903.30269    630.44
 2459903.43790    630.46
 2459903.57311    630.48
 2459903.70833    630.50
 2459903.84354    630.52
 2459903.97876    630.54
 2459904.11397    630.57
 2459904.24919    630.59
 2459904.38440    630.62
 2459904.51962    630.64
 2459904.65483    630.67
 2459904.79004    630.70
 2459904.92526    630.73
 2459905.06047    630.76
 2459905.19569    630.79
 2459905.33090    630.82
 2459905.46612    630.86
 2459905.60133    630.89
 2459905.73654    630.93
 2459905.87176    630.97
 2459906.00697    631.00
 2459906.14219    631.04
 2459906.27740    631.08
 2459906.41262    631.12
 2459906.54783    631.16
 2459906.68304    631.20
 2459906.81826    631.24
 2459906.95347    631.29
 2459907.08869    631.33
 2459907.22390    631.37
 2459907.35912    631.41
 2459907.49433    631.46
 2459907.62954    631.50
 2459907.76476    631.54
 2459907.89997    631.59
 2459908.03519    631.63
 2459908.17040    631.67
 2459908.30562    631.71
 2459908.44083    631.75
 2459908.57604    631.79
 2459908.71126    631.83
 2459908.84647    631.87
 2459908.98169    631.91
 2459909.11690    631.95
 2459909.25212    631.99
 2459909.38733    632.02
 2459909.52254    632.06
 2459909.65776    632.09
 2459909.79297    632.12
 2459909.92819    632.15
 2459910.06340    632.18
 2459910.19861    632.21
 2459910.33383    632.24
 2459910.46904    632.26
 2459910.60426    632.29
 2459910.73947    632.31
 2459910.87469    632.33
 2459911.00990    632.35
 2459911.14511    632.37
 2459911.28033    632.39
 2459911.41554    632.41
 2459911.55076    632.43
 2459911.68597    632.44
 2459911.82118    632.46
 2459911.95640    632.47
 2459912.09161    632.49
 2459912.22683    632.50
 2459912.36204    632.51
 2459912.49725    632.52
 2459912.63247    632.53
 2459912.76768    632.54
 2459912.90290    632.55
 2459913.03811    632.56
 2459913.17333    632.57
 2459913.30854    632.58
 2459913.44375    632.59
 2459913.57897    632.60
 2459913.71418    632.61
 2459913.84940    632.62
 2459913.98461    632.63
 2459914.11982    632.64
 2459914.25504    632.65
 2459914.39025    632.66
 2459914.52547    632.68
 2459914.66068    632.69
 2459914.79589    632.70
 2459914.93111    632.71
 2459915.06632    632.73
 2459915.20154    632.74
 2459915.33675    632.76
 2459915.47196    632.77
 2459915.60718    632.79
 2459915.74239    632.80
 2459915.87761    632.82
 2459916.01282    632.84
 2459916.14803    632.86
 2459916.28325    632.88
 2459916.41846    632.90
 2459916.55368    632.92
 2459916.68889    632.95
 2459916.82410    632.97
 2459916.95932    632.99
 2459917.09453    633.02
 2459917.22975    633.04
 2459917.36496    633.07
 2459917.50018    633.10
 2459917.63539    633.12
 2459917.77060    633.15
 2459917.90582    633.18
 2459918.04103    633.21
 2459918.17625    633.24
 2459918.31146    633.27
 2459918.44667    633.30
 2459918.58189    633.33
 2459918.71710    633.36
 2459918.85232    633.40
 2459918.98753    633.43
 2459919.12274    633.46
 2459919.25796    633.49
 2459919.39317    633.53
 2459919.52839    633.56
 2459919.66360    633.60
 2459919.79881    633.63
 2459919.93403    633.66
 2459920.06924    633.70
 2459920.20446    633.73
 2459920.33967    633.77
 2459920.47488    633.80
 2459920.61010    633.83
 2459920.74531    633.87
 2459920.88053    633.90
 2459921.01574    633.93
 2459921.15095    633.97
 2459921.28617    634.00
 2459921.42138    634.03
 2459921.55660    634.06
 2459921.69181    634.10
 2459921.82702    634.13
 2459921.96224    634.16
 2459922.09745    634.19
 2459922.23267    634.22
 2459922.36788    634.25
 2459922.50309    634.28
 2459922.63831    634.31
 2459922.77352    634.33
 2459922.90874    634.36
 2459923.04395    634.39
 2459923.17916    634.41
 2459923.31438    634.44
 2459923.44959    634.46
 2459923.58481    634.49
 2459923.72002    634.51
 2459923.85523    634.53
 2459923.99045    634.56
 2459924.12566    634.58
 2459924.26088    634.60
 2459924.39609    634.62
 2459924.53130    634.64
 2459924.66652    634.66
 2459924.80173    634.68
 2459924.93694    634.69
 2459925.07216    634.71
 2459925.20737    634.73
 2459925.34259    634.74
 2459925.47780    634.76
 2459925.61301    634.77
 2459925.74823    634.79
 2459925.88344    634.80
 2459926.01866    634.81
 2459926.15387    634.83
 2459926.28908    634.84
 2459926.42430    634.85
 2459926.55951    634.86
 2459926.69472    634.87
 2459926.82994    634.88
 2459926.96515    634.89
 2459927.10037    634.90
 2459927.23558    634.91
 2459927.37079    634.92
 2459927.50601    634.93
 2459927.64122    634.94
 2459927.77644    634.95
 2459927.91165    634.96
 2459928.04686    634.97
 2459928.18208    634.97
 2459928.31729    634.98
 2459928.45250    634.99
 2459928.58772    635.00
 2459928.72293    635.01
 2459928.85815    635.02
 2459928.99336    635.03
 2459929.12857    635.04
 2459929.26379    635.05
 2459929.39900    635.06
 2459929.53421    635.07
 2459929.66943    635.08
 2459929.80464    635.09
 2459929.93986    635.10
 2459930.07507    635.12
 2459930.21028    635.13
 2459930.34550    635.14
 2459930.48071    635.16
 2459930.61592    635.17
 2459930.75114    635.19
 2459930.88635    635.21
 2459931.02157    635.22
 2459931.15678    635.24
 2459931.29199    635.26
 2459931.42721    635.28
 2459931.56242    635.30
 2459931.69763    635.32
 2459931.83285    635.35
 2459931.96806    635.37
 2459932.10328    635.39
 2459932.23849    635.42
 2459932.37370    635.45
 2459932.50892    635.47
 2459932.64413    635.50
 2459932.77934    635.53
 2459932.91456    635.56
 2459933.04977    635.59
 2459933.18499    635.63
 2459933.32020    635.66
 2459933.45541    635.69
 2459933.59063    635.73
 2459933.72584    635.76
 2459933.86105    635.80
 2459933.99627    635.84
 2459934.13148    635.88
 2459934.26670    635.91
 2459934.40191    635.95
 2459934.53712    635.99
 2459934.67234    636.03
 2459934.80755    636.07
 2459934.94276    636.11
 2459935.07798    636.15
 2459935.21319    636.19
 2459935.34840    636.23
 2459935.48362    636.27
 2459935.61883    636.31
 2459935.75405    636.35
 2459935.88926    636.39
 2459936.02447    636.42
 2459936.15969    636.46
 2459936.29490    636.50
 2459936.43011    636.53
 2459936.56533    636.57
 2459936.70054    636.60
 2459936.83576    636.63
 2459936.97097    636.66
 2459937.10618    636.69
 2459937.24140    636.72
 2459937.37661    636.75
 2459937.51182    636.78
 2459937.64704    636.80
 2459937.78225    636.83
 2459937.91746    636.85
 2459938.05268    636.87
 2459938.18789    636.89
 2459938.32310    636.91
 2459938.45832    636.93
 2459938.59353    636.94
 2459938.72875    636.96
 2459938.86396    636.97
 2459938.99917    636.98
 2459939.13439    636.99
 2459939.26960    637.00
 2459939.40481    637.01
 2459939.54003    637.02
 2459939.67524    637.03
 2459939.81045    637.04
 2459939.94567    637.05
 2459940.08088    637.05
 2459940.21609    637.06
 2459940.35131    637.06
 2459940.48652    637.07
 2459940.62173    637.07
 2459940.75695    637.08
 2459940.89216    637.08
 2459941.02738    637.09
 2459941.16259    637.09
 2459941.29780    637.10
 2459941.43302    637.11
 2459941.56823    637.11
 2459941.70344    637.12
 2459941.83866    637.13
 2459941.97387    637.13
 2459942.10908    637.14
 2459942.24430    637.15
 2459942.37951    637.16
 2459942.51472    637.17
 2459942.64994    637.18
 2459942.78515    637.19
 2459942.92036    637.21
 2459943.05558    637.22
 2459943.19079    637.23
 2459943.32600    637.25
 2459943.46122    637.26
 2459943.59643    637.28
 2459943.73164    637.30
 2459943.86686    637.31
 2459944.00207    637.33
 2459944.13729    637.35
 2459944.27250    637.37
 2459944.40771    637.39
 2459944.54293    637.41
 2459944.67814    637.43
 2459944.81335    637.46
 2459944.94857    637.48
 2459945.08378    637.50
 2459945.21899    637.53
 2459945.35421    637.55
 2459945.48942    637.58
 2459945.62463    637.60
 2459945.75985    637.63
 2459945.89506    637.66
 2459946.03027    637.68
 2459946.16549    637.71
 2459946.30070    637.74
 2459946.43591    637.77
 2459946.57113    637.80
 2459946.70634    637.82
 2459946.84156    637.85
 2459946.97677    637.88
 2459947.11198    637.91
 2459947.24720    637.94
 2459947.38241    637.97
 2459947.51762    637.99
 2459947.65284    638.02
 2459947.78805    638.05
 2459947.92326    638.08
 2459948.05848    638.11
 2459948.19369    638.14
 2459948.32890    638.16
 2459948.46412    638.19
 2459948.59933    638.22
 2459948.73454    638.25
 2459948.86976    638.27
 2459949.00497    638.30
 2459949.14018    638.32
 2459949.27540    638.35
 2459949.41061    638.37
 2459949.54582    638.40
 2459949.68104    638.42
 2459949.81625    638.44
 2459949.95146    638.47
 2459950.08668    638.49
 2459950.22189    638.51
 2459950.35710    638.53
 2459950.49232    638.55
 2459950.62753    638.57
 2459950.76274    638.59
 2459950.89796    638.61
 2459951.03317    638.63
 2459951.16838    638.64
 2459951.30360    638.66
 2459951.43881    638.67
 2459951.57402    638.69
 2459951.70924    638.70
 2459951.84445    638.72
 2459951.97966    638.73
 2459952.11488    638.74
 2459952.25009    638.75
 2459952.38530    638.77
 2459952.52052    638.78
 2459952.65573    638.79
 2459952.79094    638.80
 2459952.92616    638.80
 2459953.06137    638.81
 2459953.19658    638.82
 2459953.33180    638.83
 2459953.46701    638.83
 2459953.60222    638.84
 2459953.73744    638.85
 2459953.87265    638.85
 2459954.00786    638.86
 2459954.14308    638.86
 2459954.27829    638.86
 2459954.41350    638.87
 2459954.54872    638.87
 2459954.68393    638.88
 2459954.81914    638.88
 2459954.95436    638.88
 2459955.08957    638.88
 2459955.22478    638.89
 2459955.36000    638.89
 2459955.49521    638.89
 2459955.63042    638.90
 2459955.76564    638.90
 2459955.90085    638.90
 2459956.03606    638.91
 2459956.17128    638.91
 2459956.30649    638.91
 2459956.44170    638.92
 2459956.57692    638.92
 2459956.71213    638.92
 2459956.84734    638.93
 2459956.98256    638.93
 2459957.11777    638.94
 2459957.25298    638.95
 2459957.38820    638.95
 2459957.52341    638.96
 2459957.65862    638.97
 2459957.79384    638.98
 2459957.92905    638.98
 2459958.06426    638.99
 2459958.19947    639.00
 2459958.33469    639.02
 2459958.46990    639.03
 2459958.60511    639.04
 2459958.74033    639.05
 2459958.87554    639.07
 2459959.01075    639.08
 2459959.14597    639.10
 2459959.28118    639.12
 2459959.41639    639.13
 2459959.55161    639.15
 2459959.68682    639.17
 2459959.82203    639.19
 2459959.95725    639.21
 2459960.09246    639.23
 2459960.22767    639.26
 2459960.36289    639.28
 2459960.49810    639.31
 2459960.63331    639.33
 2459960.76853    639.36
 2459960.90374    639.39
 2459961.03895    639.41
 2459961.17417    639.44
 2459961.30938    639.47
 2459961.44459    639.50
 2459961.57981    639.53
