0 TBA - TO BE ASSIGNED
1 42985U 17066B   17303.88501954 -.00000142  00000-0  00000+0 0  9999
2 42985  22.0365 163.1581 7887372 178.9223  28.8056  1.54810152    03
0 TBA - TO BE ASSIGNED
1 42985U 17066B   17303.88501954 -.00000142  00000-0  00000+0 0  9999
2 42985  22.0365 163.1581 7887372 178.9223  28.8056  1.54810152    03
0 TBA - TO BE ASSIGNED
1 42985U 17067B   17303.90788294 -.00000139  00000-0  00000+0 0  9993
2 42985  22.0385 163.1469 7887773 178.9665  41.5016  1.54639858    05
0 FALCON 9 R/B
1 42985U 17067B   17305.45345148 +.00003515 +00000-0 +33971-2 0  9998
2 42985 022.0170 162.8280 7887824 179.5102 183.9466 01.54994028000029
0 FALCON 9 R/B
1 42985U 17067B   17306.09355545 +.00000432 +00000-0 +25029-3 0  9992
2 42985 022.0461 162.6342 7887519 179.8264 181.0902 01.54989617000035
0 FALCON 9 R/B
1 42985U 17067B   17306.73585288 +.00000477 +00000-0 +25606-3 0  9992
2 42985 022.0453 162.4821 7887147 180.1035 179.4648 01.54990166000055
0 FALCON 9 R/B
1 42985U 17067B   17313.16213498 -.00000388  00000-0  32656-4 0  9994
2 42985  22.0606 160.9189 7886071 182.8852 165.0078  1.54989420   145
0 FALCON 9 R/B
1 42985U 17067B   17313.16224730 -.00000215  00000-0  20178-3 0  9999
2 42985  22.0461 160.9429 7887871 182.8498 165.1825  1.54995328   141
0 FALCON 9 R/B
1 42985U 17067B   17316.37549738 -.00000213  00000-0  92206-5 0  9994
2 42985  22.0830 160.1569 7885947 184.2477 158.1056  1.54995494   190
0 FALCON 9 R/B
1 42985U 17067B   17319.58879808  .00000216  00000-0  50237-4 0  9993
2 42985  22.0894 159.3750 7885551 185.6407 151.0741  1.54997413   243
0 FALCON 9 R/B
1 42985U 17067B   17326.01587957 +.00000036 +00000-0 +41185-3 0  9991
2 42985 022.1056 157.8392 7883913 188.3962 137.4327 01.55006763000355
0 FALCON 9 R/B
1 42985U 17067B   17326.01609295  .00000205  00000-0  61179-3 0  9994
2 42985  22.1043 157.8370 7884089 188.3994 137.5504  1.55007688   341
0 FALCON 9 R/B
1 42985U 17067B   17326.65867865 -.00000297  00000-0  69284-4 0  9991
2 42985  22.1044 157.6864 7883976 188.6676 136.1220  1.55005314   357
0 FALCON 9 R/B
1 42985U 17067B   17327.94431162 -.00000064 +00000-0 +40242-3 0  9995
2 42985 022.1051 157.3792 7883440 189.2166 133.5180 01.55005909000388
0 FALCON 9 R/B
1 42985U 17067B   17328.58716455 +.00000022 +00000-0 +47877-3 0  9991
2 42985 022.1059 157.2254 7883383 189.4921 132.2391 01.55006675000397
0 FALCON 9 R/B
1 42985U 17067B   17330.51566354 -.00000041  00000-0  11826-3 0  9995
2 42985  22.1093 156.7689 7883148 190.3154 128.3470  1.55005219   419
0 FALCON 9 R/B
1 42985U 17067B   17331.80150481 +.00000157 +00000-0 +89189-4 0  9993
2 42985 022.1102 156.4608 7883044 190.8672 125.8545 01.55005177000444
0 FALCON 9 R/B
1 42985U 17067B   17332.44441001  .00001130  00000-0  12016-2 0  9990
2 42985  22.1118 156.3100 7882798 191.1410 124.6519  1.55012839   447
0 FALCON 9 R/B
1 42985U 17067B   17335.01588916  .00000899  00000-0  54480-3 0  9996
2 42985  22.0861 155.6950 7886151 192.2282 119.5776  1.55011705   485
0 FALCON 9 R/B
1 42985U 17067B   17335.65896485  .00000921  00000-0  62903-3 0  9994
2 42985  22.0923 155.5408 7885252 192.5029 118.4573  1.55012850   490
0 FALCON 9 R/B
1 42985U 17067B   17336.30190921 +.00000392 +00000-0 +10907-3 0  9998
2 42985 022.0837 155.3881 7883328 192.7737 117.2723 01.55010230000514
0 FALCON 9 R/B
1 42985U 17067B   17336.94493579 +.00000386 +00000-0 +20355-3 0  9994
2 42985 022.1133 155.2331 7883869 193.0525 116.0933 01.55011535000522
0 FALCON 9 R/B
1 42985U 17067B   17338.23089310 -.00000066  00000-0 -84402-4 0  9993
2 42985  22.1221 154.9295 7884089 193.5954 113.6851  1.55009537   533
0 FALCON 9 R/B
1 42985U 17067B   17338.87400785 +.00000035 +00000-0 +16447-3 0  9993
2 42985 022.1219 154.7789 7884312 193.8624 112.5672 01.55010784000559
0 FALCON 9 R/B
1 42985U 17067B   17340.16013222 -.00000275 +00000-0 -45846-5 0  9999
2 42985 022.1220 154.4664 7884328 194.4197 110.2600 01.55010503000576
0 FALCON 9 R/B
1 42985U 17067B   17340.16015527 -.00000126 +00000-0 +17331-3 0  9999
2 42985 022.1234 154.4671 7884252 194.4183 110.2745 01.55011158000577
0 FALCON 9 R/B
1 42985U 17067B   17340.80320227 -.00000308 +00000-0 +98340-5 0  9999
2 42985 022.1220 154.3144 7884309 194.6950 109.1109 01.55010566000587
0 FALCON 9 R/B
1 42985U 17067B   17340.80320227 -.00000308  00000-0  98340-5 0  9999
2 42985  22.1220 154.3144 7884309 194.6950 109.1109  1.55010566   576
0 FALCON 9 R/B
1 42985U 17067B   17345.94841558  .00000402  00000-0  31624-3 0  9998
2 42985  22.1207 153.0944 7884218 196.8870 100.3356  1.55014609   657
0 FALCON 9 R/B
1 42985U 17067B   17346.59166435  .00000383  00000-0  21967-3 0  9991
2 42985  22.1140 152.9459 7883851 197.1687  99.2947  1.55014573   667
0 FALCON 9 R/B
1 42985U 17067B   17347.87809348 +.00000327 +00000-0 +70734-4 0  9995
2 42985 022.1145 152.6331 7883841 197.7256 097.1812 01.55014396000699
0 FALCON 9 R/B
1 42985U 17067B   17349.16458038  .00000314  00000-0  90045-4 0  9998
2 42985  22.1190 152.3280 7883941 198.2723  95.0910  1.55014596   705
0 FALCON 9 R/B
1 42985U 17067B   17349.16462515  .00000249  00000-0  12257-4 0  9999
2 42985  22.1128 152.3278 7884264 198.2745  95.1098  1.55014128   705
0 FALCON 9 R/B
1 42985U 17067B   17351.09452758  .00000211  00000-0  19327-3 0  9995
2 42985  22.1200 151.8595 7885149 199.0991  92.0861  1.55015863   731
0 FALCON 9 R/B
1 42985U 17067B   17351.73784083  .00000490  00000-0  64196-3 0  9998
2 42985  22.1239 151.7064 7884183 199.3810  91.1116  1.55019232   741
0 FALCON 9 R/B
1 42985U 17067B   17352.38114370 +.00000289 +00000-0 +51141-3 0  9998
2 42985 022.1340 151.5559 7884153 199.6517 090.1120 01.55019207000763
0 FALCON 9 R/B
1 42985U 17067B   17353.02454762  .00000162  00000-0  46652-3 0  9993
2 42985  22.1334 151.4041 7883912 199.9294  89.1720  1.55019621   762
0 FALCON 9 R/B
1 42985U 17067B   17354.31132473 +.00000011 +00000-0 +44001-3 0  9997
2 42985 022.1344 151.0950 7883846 200.4819 087.2708 01.55020223000793
0 FALCON 9 R/B
1 42985U 17067B   17354.31134192 -.00000357  00000-0 -61634-5 0  9995
2 42985  22.1344 151.0950 7883846 200.4819  87.2723  1.55017505   788
0 FALCON 9 R/B
1 42985U 17067B   17360.10278389  .00000167  00000-0 -10482-4 0  9998
2 42985  22.1579 149.7072 7884529 202.9585  79.2781  1.55020413   870
0 FALCON 9 R/B
1 42985U 17067B   17360.74629401  .00000324  00000-0  74953-4 0  9990
2 42985  22.1599 149.5510 7884665 203.2360  78.4097  1.55021411   884
0 FALCON 9 R/B
1 42985U 17067B   17361.38983006  .00000074  00000-0 -28147-3 0  9991
2 42985  22.1495 149.3974 7884925 203.5111  77.5254  1.55018587   893
0 FALCON 9 R/B
1 42985U 17067B   17361.38987108  .00000433  00000-0  13204-3 0  9994
2 42985  22.1518 149.3977 7884834 203.5084  77.5811  1.55022330   890
0 FALCON 9 R/B
1 42985U 17067B   17362.67698593 +.00000527 +00000-0 +21522-3 0  9990
2 42985 022.1466 149.0863 7884810 204.0621 075.8829 01.55022742000921
0 FALCON 9 R/B
1 42985U 17067B   17363.32059555 +.00000501 +00000-0 +23059-3 0  9991
2 42985 022.1461 148.9310 7884860 204.3396 075.0635 01.55023025000931
0 FALCON 9 R/B
1 42985U 17067B   17363.96420953  .00000453  00000-0  25372-3 0  9991
2 42985  22.1507 148.7784 7885110 204.6118  74.2465  1.55023362   935
0 FALCON 9 R/B
1 42985U 17067B   17365.25150415  .00000490  00000-0  51390-3 0  9998
2 42985  22.1477 148.4708 7885658 205.1577  72.6623  1.55025743   951
0 FALCON 9 R/B
1 42985U 17067B   17365.25151970 +.00000489 +00000-0 +51332-3 0  9999
2 42985 022.1477 148.4708 7885645 205.1582 072.6709 01.55025734000969
0 FALCON 9 R/B
1 42985U 17067B   18001.97570711  .00000224  00000-0  53869-3 0  9998
2 42985  22.1430 148.0583 7885911 205.8947 314.9160  1.55027537   981
0 FALCON 9 R/B
1 42985U 17067B   18002.18256205 +.00000126 +00000-0 +46355-3 0  9994
2 42985 022.1452 148.0063 7885938 205.9874 070.3569 01.55027300000992
0 FALCON 9 R/B
1 42985U 17067B   18002.82625247 +.00000051 +00000-0 +45975-3 0  9995
2 42985 022.1447 147.8499 7886028 206.2658 069.5935 01.55027841001001
0 FALCON 9 R/B
1 42985U 17067B   18004.11370123 -.00000006  00000-0  45623-3 0  9990
2 42985  22.1428 147.5373 7886201 206.8226  68.1081  1.55028931  1017
0 FALCON 9 R/B
1 42985U 17067B   18004.11370534 -.00000052 +00000-0 +40836-3 0  9998
2 42985 022.1414 147.5431 7886178 206.8179 068.1080 01.55028566001021
0 FALCON 9 R/B
1 42985U 17067B   18005.40123676 -.00000103  00000-0  28392-3 0  9994
2 42985  22.1386 147.2323 7886420 207.3726  66.6651  1.55028528  1036
0 FALCON 9 R/B
1 42985U 17067B   18006.68882141 -.00000389  00000-0 -16965-3 0  9994
2 42985  22.1352 146.9166 7886814 207.9329  65.2237  1.55025032  1056
0 FALCON 9 R/B
1 42985U 17067B   18007.33268047 -.00000361 +00000-0 -22726-3 0  9992
2 42985 022.1361 146.7612 7886978 208.2107 064.5435 01.55024242001075
0 FALCON 9 R/B
1 42985U 17067B   18009.26422241  .00000244  00000-0  16897-3 0  9994
2 42985  22.1352 146.2889 7887504 209.0513  62.5057  1.55026594  1094
0 FALCON 9 R/B
1 42985U 17067B   18009.90803003  .00000831  00000-0  69317-3 0  9991
2 42985  22.1289 146.1322 7888133 209.3266  61.8306  1.55031614  1101
0 FALCON 9 R/B
1 42985U 17067B   18011.19568167 +.00000644 +00000-0 +52907-3 0  9993
2 42985 022.1278 145.8156 7887463 209.8941 060.4800 01.55032158001131
0 FALCON 9 R/B
1 42985U 17067B   18011.19568167  .00000644  00000-0  52907-3 0  9993
2 42985  22.1278 145.8156 7887463 209.8941  60.4800  1.55032158  1120
0 FALCON 9 R/B
1 42985U 17067B   18011.83955212 +.00000742 +00000-0 +64973-3 0  9990
2 42985 022.1250 145.6598 7887799 210.1729 059.8300 01.55033850001148
0 FALCON 9 R/B
1 42985U 17067B   18012.48342064 +.00000893 +00000-0 +84860-3 0  9991
2 42985 022.1234 145.5071 7887884 210.4509 059.1869 01.55036167001157
0 FALCON 9 R/B
1 42985U 17067B   18012.48342165  .00000874  00000-0  82413-3 0  9994
2 42985  22.1231 145.5064 7888005 210.4499  59.1869  1.55036079  1141
0 FALCON 9 R/B
1 42985U 17067B   18013.12730260  .00000635  00000-0  63173-3 0  9990
2 42985  22.1259 145.3492 7888951 210.7245  58.5413  1.55035977  1151
0 FALCON 9 R/B
1 42985U 17067B   18015.05903160  .00000328  00000-0  58815-3 0  9991
2 42985  22.1236 144.8752 7889318 211.5601  56.6810  1.55038013  1189
0 FALCON 9 R/B
1 42985U 17067B   18015.70299446 -.00000072  00000-0  30475-3 0  9997
2 42985  22.1229 144.7163 7889387 211.8415  56.0800  1.55036058  1199
0 FALCON 9 R/B
1 42985U 17067B   18016.34697720 -.00000092  00000-0  34753-3 0  9990
2 42985  22.1264 144.5582 7889596 212.1220  55.5057  1.55037422  1207
0 FALCON 9 R/B
1 42985U 17067B   18017.63490687 -.00000509  00000-0  49918-4 0  9999
2 42985  22.1202 144.2510 7890041 212.6668  54.3190  1.55035737  1229
0 FALCON 9 R/B
1 42985U 17067B   18018.27898857 -.00000420  00000-0  13020-3 0  9997
2 42985  22.1238 144.0947 7889783 212.9521  53.7952  1.55036453  1238
0 FALCON 9 R/B
1 42985U 17067B   18028.58400972 -.00000256 +00000-0 +60406-4 0  9997
2 42985 022.1017 141.5541 7892083 217.4380 045.5034 01.55045312001408
0 FALCON 9 R/B
1 42985U 17067B   18028.58431668 -.00000235  00000-0  74387-4 0  9993
2 42985  22.1058 141.5517 7892662 217.4347  45.6688  1.55045185  1394
0 FALCON 9 R/B
1 42985U 17067B   18029.22814666 -.00000267 +00000-0 +13886-3 0  9999
2 42985 022.1021 141.3947 7891749 217.7264 045.0327 01.55046161001417
0 FALCON 9 R/B
1 42985U 17067B   18029.87229122 +.00000271 +00000-0 +63756-3 0  9992
2 42985 022.0998 141.2372 7891579 218.0078 044.5816 01.55050657001421
0 FALCON 9 R/B
1 42985U 17067B   18031.16056591 +.00000201 +00000-0 +66199-3 0  9992
2 42985 022.0994 140.9163 7891709 218.5762 043.6674 01.55053043001447
0 FALCON 9 R/B
1 42985U 17067B   18031.80471804  .00000231  00000-0  69234-3 0  9997
2 42985  22.1011 140.7569 7891704 218.8670  43.2211  1.55054168  1444
0 FALCON 9 R/B
1 42985U 17067B   18031.80471804 +.00000231 +00000-0 +69234-3 0  9997
2 42985 022.1011 140.7569 7891704 218.8670 043.2211 01.55054168001455
0 FALCON 9 R/B
1 42985U 17067B   18032.44886597 +.00000220 +00000-0 +66234-3 0  9992
2 42985 022.1009 140.5962 7891816 219.1512 042.7760 01.55055194001464
0 FALCON 9 R/B
1 42985U 17067B   18034.38138260  .00000405  00000-0  63324-3 0  9996
2 42985  22.0974 140.1125 7892371 220.0049  41.4951  1.55058374  1487
0 FALCON 9 R/B
1 42985U 17067B   18035.02555609  .00000417  00000-0  57388-3 0  9994
2 42985  22.0976 139.9504 7892527 220.2885  41.0686  1.55058777  1498
0 FALCON 9 R/B
1 42985U 17067B   18035.02556718 +.00000437 +00000-0 +59312-3 0  9997
2 42985 022.0993 139.9483 7892392 220.2925 041.0766 01.55058974001508
0 FALCON 9 R/B
1 42985U 17067B   18035.66974439  .00000233  00000-0  34922-3 0  9995
2 42985  22.1009 139.7851 7893849 220.5619  40.6293  1.55056993  1504
0 FALCON 9 R/B
1 42985U 17067B   18036.31399047  .00000352  00000-0  40151-3 0  9997
2 42985  22.0971 139.6219 7893030 220.8617  40.2532  1.55058214  1512
0 FALCON 9 R/B
1 42985U 17067B   18036.95817571 +.00000454 +00000-0 +40855-3 0  9998
2 42985 022.0964 139.4557 7894143 221.1370 039.8427 01.55059577001524
0 FALCON 9 R/B
1 42985U 17067B   18038.89078326  .00000486  00000-0  39896-3 0  9998
2 42985  22.0987 138.9624 7894704 221.9945  38.6451  1.55062075  1551
0 FALCON 9 R/B
1 42985U 17067B   18041.46765815  .00000934  00000-0  77810-3 0  9997
2 42985  22.0891 138.3260 7896189 223.1196  37.1910  1.55073933  1599
0 FALCON 9 R/B
1 42985U 17067B   18042.11163769  .00000807  00000-0  75182-3 0  9999
2 42985  22.1122 138.1238 7896292 223.4406  36.6981  1.55075368  1600
0 FALCON 9 R/B
1 42985U 17067B   18042.11170864  .00000873  00000-0  80636-3 0  9996
2 42985  22.1043 138.1273 7895972 223.4409  36.7393  1.55075613  1609
0 FALCON 9 R/B
1 42985U 17067B   18042.75583241 +.00000702 +00000-0 +73721-3 0  9991
2 42985 022.1103 137.9690 7896399 223.7228 036.3287 01.55076953001620
0 FALCON 9 R/B
1 42985U 17067B   18043.40004693  .00000622  00000-0  72984-3 0  9994
2 42985  22.1046 137.8149 7896577 224.0020  35.9741  1.55078596  1621
0 FALCON 9 R/B
1 42985U 17067B   18044.04426839 +.00000597 +00000-0 +73008-3 0  9994
2 42985 022.0900 137.6835 7897069 224.2500 035.6283 01.55080379001632
0 FALCON 9 R/B
1 42985U 17067B   18045.33275672  .00000516  00000-0  71387-3 0  9993
2 42985  22.1000 137.3335 7897256 224.8473  34.9711  1.55083639  1651
0 FALCON 9 R/B
1 42985U 17067B   18045.97692436 +.00000508 +00000-0 +70043-3 0  9993
2 42985 022.1008 137.1720 7897374 225.1317 034.6051 01.55085157001670
0 FALCON 9 R/B
1 42985U 17067B   18045.97693217  .00000471  00000-0  67081-3 0  9998
2 42985  22.0905 137.1941 7897602 225.1097  34.6103  1.55085025  1660
0 FALCON 9 R/B
1 42985U 17067B   18046.62118565  .00000444  00000-0  63854-3 0  9993
2 42985  22.1005 136.9926 7897591 225.4345  34.2869  1.55085831  1679
0 FALCON 9 R/B
1 42985U 17067B   18048.55380290  .00000864  00000-0  71361-3 0  9991
2 42985  22.0902 136.5338 7898030 226.2672  33.3015  1.55092469  1700
0 FALCON 9 R/B
1 42985U 17067B   18048.55382295 +.00000870 +00000-0 +71685-3 0  9994
2 42985 022.0980 136.5180 7898028 226.2797 033.3131 01.55092511001703
0 FALCON 9 R/B
1 42985U 17067B   18049.84223098  .00001423  00000-0  86992-3 0  9994
2 42985  22.0893 136.2113 7898439 226.8330  32.6863  1.55098778  1721
0 FALCON 9 R/B
1 42985U 17067B   18051.13062545 +.00001867 +00000-0 +10018-2 0  9994
2 42985 022.0862 135.8848 7898505 227.4045 032.0769 01.55105394001756
0 FALCON 9 R/B
1 42985U 17067B   18052.41898846 +.00002099 +00000-0 +10584-2 0  9993
2 42985 022.0840 135.5531 7898852 227.9834 031.4838 01.55112276001762
0 FALCON 9 R/B
1 42985U 17067B   18054.99555137  .00002022  00000-0  10959-2 0  9993
2 42985  22.0803 134.9023 7899301 229.1339  30.3027  1.55126150  1803
0 FALCON 9 R/B
1 42985U 17067B   18055.63962041  .00001795  00000-0  10409-2 0  9997
2 42985  22.0843 134.7327 7899278 229.4320  29.9795  1.55128519  1816
0 FALCON 9 R/B
1 42985U 17067B   18057.57194749  .00001665  00000-0  10876-2 0  9998
2 42985  22.0807 134.2310 7899620 230.3049  29.1333  1.55138590  1846
0 FALCON 9 R/B
1 42985U 17067B   18058.21601421 +.00001591 +00000-0 +10820-2 0  9997
2 42985 022.0769 134.0682 7899587 230.5953 028.8408 01.55141595001850
0 FALCON 9 R/B
1 42985U 17067B   18058.86011068  .00001630  00000-0  11358-2 0  9991
2 42985  22.0682 133.9037 7899259 230.8967  28.5769  1.55145374  1867
0 FALCON 9 R/B
1 42985U 17067B   18061.43641966  .00002025  00000-0  10750-2 0  9998
2 42985  22.0775 133.2159 7901330 232.0515  27.5509  1.55160202  1908
0 FALCON 9 R/B
1 42985U 17067B   18063.36849695  .00002791  00000-0  12362-2 0  9992
2 42985  22.0737 132.7219 7901694 232.9157  26.8551  1.55177353  1938
0 FALCON 9 R/B
1 42985U 17067B   18068.51996721  .00004526  00000-0  17943-2 0  9995
2 42985  22.0547 131.3822 7902034 235.2706  25.2357  1.55236670  2012
0 FALCON 9 R/B
1 42985U 17067B   18069.80688878  .00004403  00000-0  17936-2 0  9995
2 42985  22.0622 131.0455 7902038 235.8651  24.4508  1.55249693  2034
0 FALCON 9 R/B
1 42985U 17067B   18070.45060515  .00003719  00000-0  14687-2 0  9999
2 42985  22.0543 130.8795 7903011 236.1422  24.2054  1.55251852  2047
0 FALCON 9 R/B
1 42985U 17067B   18071.73807066  .00003459  00000-0  14110-2 0  9993
2 42985  22.0455 130.5238 7903054 236.7514  23.8084  1.55262767  2060
0 FALCON 9 R/B
1 42985U 17067B   18072.38170450  .00003924  00000-0  15452-2 0  9992
2 42985  22.0424 130.3523 7903246 237.0471  23.5877  1.55272231  2075
0 FALCON 9 R/B
1 42985U 17067B   18073.66895810  .00004328  00000-0  15998-2 0  9992
2 42985  22.0403 130.0147 7903737 237.6345  23.1567  1.55287471  2098
0 FALCON 9 R/B
1 42985U 17067B   18078.81720041 -.00034708  00000-0 -10086-1 0  9996
2 42985  22.0696 128.8073 7903913 239.8041  22.5403  1.55348919  2174
0 FALCON 9 R/B
1 42985U 17067B   18080.10293761  .00011121  00000-0  30459-2 0  9994
2 42985  22.0810 128.3329 7904092 240.5363  21.7385  1.55438251  2197
0 FALCON 9 R/B
1 42985U 17067B   18080.74515994  .00011739  00000-0  32186-2 0  9993
2 42985  22.0749 128.1669 7903923 240.8266  21.1333  1.55456292  2204
0 FALCON 9 R/B
1 42985U 17067B   18081.38807339  .00011461  00000-0  31920-2 0  9998
2 42985  22.0695 127.9971 7903653 241.1221  20.9380  1.55469798  2217
0 FALCON 9 R/B
1 42985U 17067B   18087.17182250  .00009302  00000-0  22419-2 0  9993
2 42985  22.0676 126.5314 7905233 243.7325  19.1855  1.55586676  2303
0 FALCON 9 R/B
1 42985U 17067B   18091.02607208  .00019863  00000-0  36757-2 0  9990
2 42985  22.0409 125.4784 7906361 245.5290  18.8869  1.55724926  2369
0 FALCON 9 R/B
1 42985U 17067B   18098.07999422  .00006597  00000-0  11217-2 0  9998
2 42985  22.0305 123.5773 7906240 248.8033  16.2171  1.55927492  2471
0 FALCON 9 R/B
1 42985U 17067B   18098.08123494  .00008556  29973-6  14052-2 0  9990
2 42985  22.0289 123.5754 7906615 248.8183  16.9180  1.55933610  2479
0 FALCON 9 R/B
1 42985U 17067B   18105.77077500  .00024431  11680-5  35944-2 0  9999
2 42985  22.0274 121.5278 7904131 252.3570  17.8881  1.56278966  2591
0 FALCON 9 R/B
1 42985U 17067B   18106.40612849  .00007206  61432-6  10488-2 0  9999
2 42985  22.0224 121.3248 7904471 252.6947  15.3795  1.56291786  2603
0 FALCON 9 R/B
1 42985U 17067B   18107.04569852  .00023715  62651-7  33553-2 0  9991
2 42985  22.0226 121.1776 7903622 252.9727  15.2823  1.56337479  2617
0 FALCON 9 R/B
1 42985U 17067B   18108.32441154  .00040198 -80582-6  50730-2 0  9990
2 42985  22.0225 120.8458 7903945 253.5702  15.0281  1.56415220  2636
0 FALCON 9 R/B
1 42985U 17067B   18109.60227548  .00020405 -10894-5  26869-2 0  9994
2 42985  22.0227 120.4912 7903049 254.1551  14.6429  1.56442322  2657
0 FALCON 9 R/B
1 42985U 17067B   18109.60260864  .00018007 -10894-5  25451-2 0  9993
2 42985  22.0220 120.5088 7902289 254.1448  14.8236  1.56436573  2654
0 FALCON 9 R/B
1 42985U 17067B   18110.24160293 +.00017818 -96994-6 +25415-2 0  9995
2 42985 022.0215 120.3337 7902086 254.4468 014.7064 01.56459405002661
0 FALCON 9 R/B
1 42985U 17067B   18110.88050573  .00019298 -69286-6  27852-2 0  9999
2 42985  22.0210 120.1597 7901932 254.7460  14.5904  1.56483632  2677
0 FALCON 9 R/B
1 42985U 17067B   18111.51930496 +.00019268 -29205-6 +28010-2 0  9992
2 42985 022.0205 119.9896 7901847 255.0397 014.4766 01.56508602002688
0 FALCON 9 R/B
1 42985U 17067B   18112.15800749 +.00017882 +18648-6 +26251-2 0  9993
2 42985 022.0204 119.8152 7901806 255.3391 014.3601 01.56531000002699
0 FALCON 9 R/B
1 42985U 17067B   18112.79661796  .00017370  69104-6  25817-2 0  9992
2 42985  22.0195 119.6412 7901727 255.6386  14.2459  1.56555081  2701
0 FALCON 9 R/B
1 42985U 17067B   18114.07358423 +.00017829 +15814-5 +26421-2 0  9994
2 42985 022.0188 119.2974 7901726 256.2296 014.0287 01.56601767002720
0 FALCON 9 R/B
1 42985U 17067B   18114.07358910  .00016646  15814-5  24894-2 0  9993
2 42985  22.0186 119.2997 7901720 256.2281  14.0294  1.56599346  2728
0 FALCON 9 R/B
1 42985U 17067B   18114.71193893  .00018428  18891-5  26885-2 0  9991
2 42985  22.0182 119.1251 7901764 256.5268  13.9242  1.56625318  2733
0 FALCON 9 R/B
1 42985U 17067B   18115.35018919 +.00020016 +20736-5 +28176-2 0  9999
2 42985 022.0170 118.9476 7901871 256.8313 013.8196 01.56651630002743
0 FALCON 9 R/B
1 42985U 17067B   18115.98833590 +.00022338 +21286-5 +30102-2 0  9990
2 42985 022.0164 118.7728 7901956 257.1317 013.7208 01.56680559002752
0 FALCON 9 R/B
1 42985U 17067B   18115.98833590  .00022338  21286-5  30102-2 0  9990
2 42985  22.0164 118.7728 7901956 257.1317  13.7208  1.56680559  2752
0 FALCON 9 R/B
1 42985U 17067B   18115.98833803  .00022117  21286-5  29933-2 0  9992
2 42985  22.0169 118.7760 7901911 257.1268  13.7236  1.56681600  2758
0 FALCON 9 R/B
1 42985U 17067B   18116.62636360  .00022862  20601-5  29631-2 0  9995
2 42985  22.0160 118.5997 7902013 257.4312  13.6261  1.56711198  2760
0 FALCON 9 R/B
1 42985U 17067B   18117.26426607  .00024692  18841-5  30665-2 0  9992
2 42985  22.0149 118.4209 7902017 257.7367  13.5319  1.56743603  2779
0 FALCON 9 R/B
1 42985U 17067B   18117.90203339  .00026247  16236-5  31350-2 0  9994
2 42985  22.0149 118.2477 7901953 258.0344  13.4436  1.56779086  2785
0 FALCON 9 R/B
1 42985U 17067B   18118.53966123 +.00025268 +13054-5 +29301-2 0  9991
2 42985 022.0142 118.0753 7901864 258.3336 013.3561 01.56811358002796
0 FALCON 9 R/B
1 42985U 17067B   18118.53966123  .00025268  13054-5  29301-2 0  9991
2 42985  22.0142 118.0753 7901864 258.3336  13.3561  1.56811358  2796
0 FALCON 9 R/B
1 42985U 17067B   18119.17713234 +.00024035 +95713-6 +27115-2 0  9990
2 42985 022.0134 117.8914 7901726 258.6456 013.2638 01.56845478002802
0 FALCON 9 R/B
1 42985U 17067B   18119.17714215  .00024724  95704-6  27746-2 0  9995
2 42985  22.0137 117.8981 7901770 258.6374  13.2671  1.56845338  2809
0 FALCON 9 R/B
1 42985U 17067B   18119.81447741 +.00022197 +60477-6 +24250-2 0  9991
2 42985 022.0129 117.7160 7901645 258.9475 013.1752 01.56878188002813
0 FALCON 9 R/B
1 42985U 17067B   18119.81448373  .00023253  60471-6  25675-2 0  9993
2 42985  22.0133 117.7181 7901533 258.9439  13.1777  1.56877543  2818
0 FALCON 9 R/B
1 42985U 17067B   18121.08881943 +.00018986 -21947-7 +20329-2 0  9994
2 42985 022.0120 117.3670 7901139 259.5456 013.0012 01.56931585002831
0 FALCON 9 R/B
1 42985U 17067B   18121.08882040  .00020042 -21980-7  21220-2 0  9997
2 42985  22.0120 117.3698 7901238 259.5427  13.0020  1.56932892  2830
0 FALCON 9 R/B
1 42985U 17067B   18121.72583432  .00017966 -26041-6  18799-2 0  9991
2 42985  22.0116 117.1950 7901058 259.8427  12.9126  1.56955583  2845
0 FALCON 9 R/B
1 42985U 17067B   18122.36275460  .00015127 -43125-6  15646-2 0  9998
2 42985  22.0111 117.0214 7900903 260.1414  12.8214  1.56976535  2859
0 FALCON 9 R/B
1 42985U 17067B   18124.27306383 +.00013335 -46739-6 +13453-2 0  9996
2 42985 022.0101 116.5066 7900739 261.0297 012.5470 01.57030716002880
0 FALCON 9 R/B
1 42985U 17067B   18124.27306442  .00013983 -46739-6  14120-2 0  9993
2 42985  22.0101 116.5058 7900729 261.0302  12.5478  1.57031185  2886
0 FALCON 9 R/B
1 42985U 17067B   18124.90969281  .00013274 -31443-6  13431-2 0  9992
2 42985  22.0099 116.3333 7900690 261.3276  12.4547  1.57047867  2897
0 FALCON 9 R/B
1 42985U 17067B   18125.54625561 +.00013484 -85678-7 +13700-2 0  9995
2 42985 022.0097 116.1636 7900661 261.6215 012.3646 01.57065353002904
0 FALCON 9 R/B
1 42985U 17067B   18125.54625561  .00013484 -85678-7  13700-2 0  9995
2 42985  22.0097 116.1636 7900661 261.6215  12.3646  1.57065353  2904
0 FALCON 9 R/B
1 42985U 17067B   18126.18274405  .00017983  20777-6  18278-2 0  9993
2 42985  22.0094 115.9926 7900535 261.9174  12.2742  1.57088768  2919
0 FALCON 9 R/B
1 42985U 17067B   18126.18274542  .00014302  20767-6  14306-2 0  9994
2 42985  22.0221 115.9848 7900796 261.9295  12.2828  1.57086179  2916
0 FALCON 9 R/B
1 42985U 17067B   18126.81913139  .00019461  54940-6  19730-2 0  9993
2 42985  22.0088 115.8178 7900449 262.2176  12.1843  1.57114617  2925
0 FALCON 9 R/B
1 42985U 17067B   18127.45541998 +.00018889 +91731-6 +19101-2 0  9998
2 42985 022.0086 115.6479 7900421 262.5121 012.0973 01.57138488002934
0 FALCON 9 R/B
1 42985U 17067B   18127.45541998  .00018889  91731-6  19101-2 0  9998
2 42985  22.0086 115.6479 7900421 262.5121  12.0973  1.57138488  2934
0 FALCON 9 R/B
1 42985U 17067B   18128.09160669  .00019416  12844-5  19595-2 0  9992
2 42985  22.0085 115.4762 7900315 262.8070  12.0131  1.57165366  2946
0 FALCON 9 R/B
1 42985U 17067B   18129.99960894  .00017609  20693-5  17780-2 0  9997
2 42985  22.0078 114.9619 7899980 263.6972  11.7726  1.57236679  2973
0 FALCON 9 R/B
1 42985U 17067B   18130.63540166  .00019702  21272-5  19495-2 0  9991
2 42985  22.0074 114.7923 7899781 263.9922  11.6985  1.57267252  2980
0 FALCON 9 R/B
1 42985U 17067B   18131.27108153  .00020676  20495-5  19795-2 0  9999
2 42985  22.0072 114.6195 7899735 264.2877  11.6253  1.57295920  2992
0 FALCON 9 R/B
1 42985U 17067B   18131.27108154  .00020526  20495-5  20106-2 0  9992
2 42985  22.0070 114.6205 7899517 264.2891  11.6258  1.57296583  2997
0 FALCON 9 R/B
1 42985U 17067B   18131.90664404  .00022164  18322-5  21106-2 0  9994
2 42985  22.0069 114.4483 7899345 264.5867  11.5550  1.57327864  3000
0 FALCON 9 R/B
1 42985U 17067B   18132.54208158 +.00022203 +14859-5 +20611-2 0  9990
2 42985 022.0069 114.2777 7899176 264.8814 011.4872 01.57357705003015
0 FALCON 9 R/B
1 42985U 17067B   18132.54208158 +.00022203 +14859-5 +20611-2 0  9990
2 42985 022.0069 114.2777 7899176 264.8814 011.4872 01.57357705003015
0 FALCON 9 R/B
1 42985U 17067B   18133.17739663  .00021627  10359-5  19565-2 0  9996
2 42985  22.0069 114.1053 7898992 265.1786  11.4184  1.57387129  3028
0 FALCON 9 R/B
1 42985U 17067B   18133.81258538  .00019865  52075-6  17209-2 0  9990
2 42985  22.0066 113.9326 7898960 265.4780  11.3482  1.57416029  3030
0 FALCON 9 R/B
1 42985U 17067B   18134.44767038 +.00018998 -11948-7 +16174-2 0  9992
2 42985 022.0065 113.7615 7898682 265.7734 011.2808 01.57441423003049
0 FALCON 9 R/B
1 42985U 17067B   18134.44767038  .00018998 -11948-7  16174-2 0  9992
2 42985  22.0065 113.7615 7898682 265.7734  11.2808  1.57441423  3049
0 FALCON 9 R/B
1 42985U 17067B   18135.08265419 +.00016361 -51006-6 +13442-2 0  9994
2 42985 022.0062 113.5875 7898583 266.0727 011.2095 01.57462770003055
0 FALCON 9 R/B
1 42985U 17067B   18135.08265419  .00016361 -51006-6  13442-2 0  9994
2 42985  22.0062 113.5875 7898583 266.0727  11.2095  1.57462770  3055
0 FALCON 9 R/B
1 42985U 17067B   18135.08265642  .00017112 -51015-6  14110-2 0  9990
2 42985  22.0065 113.5888 7898555 266.0700  11.2107  1.57463579  3054
0 FALCON 9 R/B
1 42985U 17067B   18136.35236589 +.00013324 -12113-5 +10329-2 0  9993
2 42985 022.0056 113.2400 7898348 266.6701 011.0618 01.57500854003073
0 FALCON 9 R/B
1 42985U 17067B   18136.98711524 +.00013265 -13448-5 +10275-2 0  9995
2 42985 022.0053 113.0657 7898158 266.9691 010.9851 01.57518281003083
0 FALCON 9 R/B
1 42985U 17067B   18136.98711897  .00012981 -13448-5  98398-3 0  9995
2 42985  22.0059 113.0697 7898356 266.9654  10.9850  1.57516747  3086
0 FALCON 9 R/B
1 42985U 17067B   18137.62179528  .00013052 -13133-5  10077-2 0  9994
2 42985  22.0055 112.8936 7898104 267.2648  10.9063  1.57534267  3097
0 FALCON 9 R/B
1 42985U 17067B   18137.62179568  .00012969 -13133-5  10067-2 0  9993
2 42985  22.0050 112.8915 7898050 267.2680  10.9056  1.57534165  3094
0 FALCON 9 R/B
1 42985U 17067B   18138.25641202  .00012664 -11243-5  98367-3 0  9994
2 42985  22.0053 112.7215 7898067 267.5626  10.8250  1.57549178  3107
0 FALCON 9 R/B
1 42985U 17067B   18138.89095735  .00011599 -80192-6  91701-3 0  9999
2 42985  22.0048 112.5443 7897987 267.8641  10.7416  1.57564539  3114
0 FALCON 9 R/B
1 42985U 17067B   18139.52544909 +.00011551 -38382-6 +93408-3 0  9990
2 42985 022.0049 112.3727 7897963 268.1601 010.6598 01.57579585003120
0 FALCON 9 R/B
1 42985U 17067B   18139.52544909  .00011551 -38382-6  93408-3 0  9990
2 42985  22.0049 112.3727 7897963 268.1601  10.6598  1.57579585  3120
0 FALCON 9 R/B
1 42985U 17067B   18140.15989142 +.00010356 +84326-7 +85895-3 0  9995
2 42985 022.0050 112.1971 7897985 268.4587 010.5776 01.57591975003136
0 FALCON 9 R/B
1 42985U 17067B   18140.15989245 +.00010307 +84309-7 +85352-3 0  9994
2 42985 022.0048 112.1978 7898005 268.4585 010.5773 01.57591612003137
0 FALCON 9 R/B
1 42985U 17067B   18140.15989324  .00010241  84292-7  84959-3 0  9992
2 42985  22.0050 112.1993 7897991 268.4574  10.5780  1.57591578  3137
0 FALCON 9 R/B
1 42985U 17067B   18140.79428109 +.00009971 +55438-6 +84154-3 0  9995
2 42985 022.0048 112.0221 7898073 268.7578 010.4965 01.57605054003146
0 FALCON 9 R/B
1 42985U 17067B   18140.79428226  .00010190  55440-6  85828-3 0  9992
2 42985  22.0050 112.0229 7898073 268.7565  10.4969  1.57605500  3143
0 FALCON 9 R/B
1 42985U 17067B   18141.42862364  .00010624  98169-6  89966-3 0  9992
2 42985  22.0048 111.8465 7898147 269.0571  10.4183  1.57619572  3155
0 FALCON 9 R/B
1 42985U 17067B   18142.06291209  .00011348  13296-5  95013-3 0  9998
2 42985  22.0050 111.6731 7898246 269.3537  10.3439  1.57635191  3166
0 FALCON 9 R/B
1 42985U 17067B   18142.06291265 +.00011415 +13296-5 +95687-3 0  9992
2 42985 022.0046 111.6716 7898229 269.3562 010.3433 01.57635251003164
0 FALCON 9 R/B
1 42985U 17067B   18142.06291265  .00011415  13296-5  95687-3 0  9992
2 42985  22.0046 111.6716 7898229 269.3562  10.3433  1.57635251  3164
0 FALCON 9 R/B
1 42985U 17067B   18142.69714871  .00012034  15725-5  98324-3 0  9992
2 42985  22.0046 111.4971 7898382 269.6548  10.2714  1.57650556  3179
0 FALCON 9 R/B
1 42985U 17067B   18142.69714903  .00011950  15725-5  97809-3 0  9991
2 42985  22.0045 111.4958 7898382 269.6559  10.2711  1.57649574  3170
0 FALCON 9 R/B
1 42985U 17067B   18143.33132585  .00012586  16975-5  99622-3 0  9992
2 42985  22.0044 111.3206 7898511 269.9559  10.2026  1.57666646  3180
0 FALCON 9 R/B
1 42985U 17067B   18143.96543405 +.00013738 +17034-5 +10389-2 0  9997
2 42985 022.0045 111.1441 7898633 270.2570 010.1371 01.57685349003197
0 FALCON 9 R/B
1 42985U 17067B   18143.96543786  .00013916  17034-5  10641-2 0  9998
2 42985  22.0046 111.1473 7898522 270.2533  10.1389  1.57685455  3196
0 FALCON 9 R/B
1 42985U 17067B   18144.59946785  .00014563  16000-5  10604-2 0  9994
2 42985  22.0043 110.9639 7898659 270.5626  10.0737  1.57704983  3207
0 FALCON 9 R/B
1 42985U 17067B   18145.23342673  .00015204  14046-5  10670-2 0  9996
2 42985  22.0047 110.7921 7898646 270.8594  10.0151  1.57725776  3210
0 FALCON 9 R/B
1 42985U 17067B   18145.86728296  .00014649  11398-5  98067-3 0  9990
2 42985  22.0046 110.6098 7898734 271.1681   9.9536  1.57747827  3228
0 FALCON 9 R/B
1 42985U 17067B   18146.47002016  .00016940  84522-6  10599-2 0  9992
2 42985  22.0130 110.4628 7898897 271.4247 352.2657  1.57770877  3229
0 FALCON 9 R/B
1 42985U 17067B   18147.13476435  .00014884  50078-6  94081-3 0  9999
2 42985  22.0055 110.2598 7898520 271.7668   9.8392  1.57788788  3234
0 FALCON 9 R/B
1 42985U 17067B   18147.76838235  .00012673  17466-6  77791-3 0  9995
2 42985  22.0054 110.0795 7898465 272.0730   9.7789  1.57805865  3248
0 FALCON 9 R/B
1 42985U 17067B   18148.40193497 +.00011904 -12796-6 +71865-3 0  9995
2 42985 022.0057 109.9054 7898285 272.3709 009.7204 01.57821982003267
0 FALCON 9 R/B
1 42985U 17067B   18149.03541964  .00011157 -38978-6  65470-3 0  9996
2 42985  22.0064 109.7311 7898224 272.6689   9.6598  1.57837195  3260
0 FALCON 9 R/B
1 42985U 17067B   18149.03542050  .00010898 -38980-6  64048-3 0  9997
2 42985  22.0062 109.7310 7898208 272.6683   9.6600  1.57836756  3269
0 FALCON 9 R/B
1 42985U 17067B   18149.66884706 +.00010125 -59681-6 +57897-3 0  9991
2 42985 022.0061 109.5555 7898164 272.9683 009.5971 01.57851020003284
0 FALCON 9 R/B
1 42985U 17067B   18149.66884966  .00010744 -59679-6  61458-3 0  9991
2 42985  22.0064 109.5579 7898188 272.9671   9.5973  1.57850913  3277
0 FALCON 9 R/B
1 42985U 17067B   18150.93554360  .00009253 -80680-6  51370-3 0  9996
2 42985  22.0067 109.2111 7898072 273.5601   9.4693  1.57875119  3296
0 FALCON 9 R/B
1 42985U 17067B   18150.93554759 +.00008807 -80683-6 +48728-3 0  9998
2 42985 022.0065 109.2100 7898078 273.5601 009.4692 01.57874388003306
0 FALCON 9 R/B
1 42985U 17067B   18150.93554759  .00008807 -80683-6  48728-3 0  9998
2 42985  22.0065 109.2100 7898078 273.5601   9.4692  1.57874388  3294
0 FALCON 9 R/B
1 42985U 17067B   18152.20207619  .00009171 -70891-6  51041-3 0  9997
2 42985  22.0069 108.8660 7898046 274.1507   9.3372  1.57895713  3313
0 FALCON 9 R/B
1 42985U 17067B   18152.83527015 +.00009709 -54359-6 +54650-3 0  9998
2 42985 022.0067 108.6929 7898033 274.4475 009.2705 01.57907880003330
0 FALCON 9 R/B
1 42985U 17067B   18152.83527235  .00009495 -54361-6  53339-3 0  9990
2 42985  22.0072 108.6948 7898051 274.4468   9.2704  1.57907234  3320
0 FALCON 9 R/B
1 42985U 17067B   18154.10150766  .00009908 -14289-7  56720-3 0  9995
2 42985  22.0072 108.3525 7898096 275.0354   9.1384  1.57933752  3347
0 FALCON 9 R/B
1 42985U 17067B   18154.73454764  .00009235  32113-6  53943-3 0  9990
2 42985  22.0075 108.1776 7898085 275.3337   9.0732  1.57946351  3354
0 FALCON 9 R/B
1 42985U 17067B   18155.36754235 +.00008744 +67577-6 +52230-3 0  9990
2 42985 022.0083 108.0052 7898071 275.6296 009.0100 01.57958721003376
0 FALCON 9 R/B
1 42985U 17067B   18155.36754235  .00008744  67577-6  52230-3 0  9990
2 42985  22.0083 108.0052 7898071 275.6296   9.0100  1.57958721  3365
0 FALCON 9 R/B
1 42985U 17067B   18156.00049033  .00008274  10227-5  50676-3 0  9994
2 42985  22.0086 107.8332 7898037 275.9246   8.9488  1.57970624  3370
0 FALCON 9 R/B
1 42985U 17067B   18156.00049144 +.00008514 +10227-5 +51958-3 0  9998
2 42985 022.0087 107.8336 7898035 275.9253 008.9487 01.57970964003388
0 FALCON 9 R/B
1 42985U 17067B   18156.63339409  .00009184  13319-5  56161-3 0  9993
2 42985  22.0095 107.6623 7897995 276.2210   8.8895  1.57984693  3381
0 FALCON 9 R/B
1 42985U 17067B   18156.63339812  .00008380  13319-5  52131-3 0  9991
2 42985  22.0091 107.6607 7897970 276.2218   8.8896  1.57983003  3385
0 FALCON 9 R/B
1 42985U 17067B   18157.26626166  .00008255  15728-5  51666-3 0  9991
2 42985  22.0097 107.4896 7897954 276.5163   8.8328  1.57994711  3392
0 FALCON 9 R/B
1 42985U 17067B   18157.89908640 +.00008841 +17169-5 +54707-3 0  9991
2 42985 022.0095 107.3178 7897893 276.8122 008.7786 01.58007210003412
0 FALCON 9 R/B
1 42985U 17067B   18157.89908640  .00008841  17169-5  54707-3 0  9991
2 42985  22.0095 107.3178 7897893 276.8122   8.7786  1.58007210  3401
0 FALCON 9 R/B
1 42985U 17067B   18157.89908674 +.00007697 +17169-5 +48324-3 0  9994
2 42985 022.0103 107.3181 7897973 276.8127 008.7779 01.58005068003411
0 FALCON 9 R/B
1 42985U 17067B   18157.89908674  .00007697  17169-5  48324-3 0  9994
2 42985  22.0103 107.3181 7897973 276.8127   8.7779  1.58005068  3400
0 FALCON 9 R/B
1 42985U 17067B   18158.53185937  .00008907  17422-5  54453-3 0  9992
2 42985  22.0098 107.1465 7897830 277.1078   8.7266  1.58019640  3410
0 FALCON 9 R/B
1 42985U 17067B   18159.16457708 +.00009929 +16359-5 +58147-3 0  9997
2 42985 022.0103 106.9761 7897806 277.4020 008.6767 01.58034863003437
0 FALCON 9 R/B
1 42985U 17067B   18159.16457949  .00009873  16359-5  57967-3 0  9991
2 42985  22.0104 106.9755 7897795 277.4019   8.6768  1.58034305  3427
0 FALCON 9 R/B
1 42985U 17067B   18159.79723550 +.00009583 +13978-5 +54395-3 0  9998
2 42985 022.0107 106.8036 7897768 277.6984 008.6282 01.58049010003435
0 FALCON 9 R/B
1 42985U 17067B   18161.69489424  .00009046  95492-7  44259-3 0  9994
2 42985  22.0121 106.2889 7897654 278.5848   8.4870  1.58087680  3463
0 FALCON 9 R/B
1 42985U 17067B   18162.95975970 +.00008455 -86706-6 +36943-3 0  9992
2 42985 022.0129 105.9434 7897584 279.1779 008.3884 01.58108283003495
0 FALCON 9 R/B
1 42985U 17067B   18162.95976085 +.00008345 -86703-6 +35689-3 0  9991
2 42985 022.0135 105.9448 7897750 279.1785 008.3871 01.58107636003496
0 FALCON 9 R/B
1 42985U 17067B   18162.95976085  .00008345 -86703-6  35689-3 0  9991
2 42985  22.0135 105.9448 7897750 279.1785   8.3871  1.58107636  3485
0 FALCON 9 R/B
1 42985U 17067B   18163.59213002  .00007710 -12355-5  31860-3 0  9998
2 42985  22.0136 105.7684 7897543 279.4777   8.3353  1.58116738  3499
0 FALCON 9 R/B
1 42985U 17067B   18164.22446093  .00007574 -14768-5  30292-3 0  9993
2 42985  22.0147 105.5953 7897516 279.7742   8.2797  1.58125280  3508
0 FALCON 9 R/B
1 42985U 17067B   18164.85675387 +.00006895 -15679-5 +26867-3 0  9992
2 42985 022.0151 105.4196 7897470 280.0740 008.2215 01.58132856003527
0 FALCON 9 R/B
1 42985U 17067B   18164.85675387  .00006895 -15679-5  26867-3 0  9992
2 42985  22.0151 105.4196 7897470 280.0740   8.2215  1.58132856  3516
0 FALCON 9 R/B
1 42985U 17067B   18165.44782066  .00008537 -15116-5  31827-3 0  9994
2 42985  22.0240 105.2738 7898193 280.3444 344.7096  1.58144189  3520
0 FALCON 9 R/B
1 42985U 17067B   18166.12124111  .00006529 -12915-5  26581-3 0  9995
2 42985  22.0169 105.0710 7897412 280.6684   8.0980  1.58147764  3535
0 FALCON 9 R/B
1 42985U 17067B   18166.75343719 +.00005857 -96046-6 +24688-3 0  9998
2 42985 022.0177 104.8953 7897435 280.9674 008.0339 01.58154640003547
0 FALCON 9 R/B
1 42985U 17067B   18168.01774875  .00004994 -94272-7  23557-3 0  9995
2 42985  22.0196 104.5467 7897580 281.5609   7.9059  1.58168254  3566
0 FALCON 9 R/B
1 42985U 17067B   18168.64987096  .00004798  35225-6  23795-3 0  9992
2 42985  22.0206 104.3711 7897726 281.8590   7.8437  1.58174775  3577
0 FALCON 9 R/B
1 42985U 17067B   18168.64987323  .00005305  35225-6  26001-3 0  9993
2 42985  22.0206 104.3712 7897738 281.8588   7.8437  1.58175193  3573
0 FALCON 9 R/B
1 42985U 17067B   18169.28196966  .00005373  75209-6  26849-3 0  9990
2 42985  22.0216 104.1957 7897936 282.1569   7.7837  1.58182489  3586
0 FALCON 9 R/B
1 42985U 17067B   18169.91403999  .00005951  10726-5  29626-3 0  9997
2 42985  22.0226 104.0193 7898055 282.4565   7.7271  1.58191415  3592
0 FALCON 9 R/B
1 42985U 17067B   18171.17808591  .00007283  13998-5  33760-3 0  9993
2 42985  22.0250 103.6641 7898373 283.0582   7.6235  1.58211586  3615
0 FALCON 9 R/B
1 42985U 17067B   18173.07386280 +.00008204 +11042-5 +33415-3 0  9999
2 42985 022.0295 103.1329 7898594 283.9618 007.4898 01.58245042003657
0 FALCON 9 R/B
1 42985U 17067B   18173.70570209 +.00008399 +85257-6 +32638-3 0  9996
2 42985 022.0310 102.9539 7898615 284.2653 007.4483 01.58256739003668
0 FALCON 9 R/B
1 42985U 17067B   18173.70570565 +.00008331 +85256-6 +32521-3 0  9997
2 42985 022.0311 102.9560 7898592 284.2631 007.4484 01.58256103003658
0 FALCON 9 R/B
1 42985U 17067B   18174.33749135 +.00008785 +56047-6 +32812-3 0  9990
2 42985 022.0326 102.7778 7898551 284.5647 007.4079 01.58269173003671
0 FALCON 9 R/B
1 42985U 17067B   18174.96923106  .00009683  25075-6  34935-3 0  9994
2 42985  22.0343 102.6016 7898450 284.8641   7.3667  1.58282378  3673
0 FALCON 9 R/B
1 42985U 17067B   18175.60091083 +.00009700 -55288-7 +33552-3 0  9991
2 42985 022.0355 102.4280 7898442 285.1632 007.3241 01.58295271003698
0 FALCON 9 R/B
1 42985U 17067B   18175.60091083  .00009700 -55288-7  33552-3 0  9991
2 42985  22.0355 102.4280 7898442 285.1632   7.3241  1.58295271  3687
0 FALCON 9 R/B
1 42985U 17067B   18176.23254120  .00008684 -33905-6  29215-3 0  9996
2 42985  22.0374 102.2516 7898326 285.4614   7.2811  1.58306354  3690
0 FALCON 9 R/B
1 42985U 17067B   18176.86413276  .00007808 -58431-6  24905-3 0  9993
2 42985  22.0386 102.0791 7898406 285.7581   7.2353  1.58315366  3707
0 FALCON 9 R/B
1 42985U 17067B   18176.86413293 +.00008355 -58435-6 +27439-3 0  9999
2 42985 022.0386 102.0772 7898220 285.7575 007.2370 01.58316757003707
0 FALCON 9 R/B
1 42985U 17067B   18178.12718215  .00008148 -90953-6  25533-3 0  9996
2 42985  22.0408 101.7325 7898179 286.3472   7.1417  1.58335937  3722
0 FALCON 9 R/B
1 42985U 17067B   18178.75864902 +.00006993 -97136-6 +21082-3 0  9991
2 42985 022.0420 101.5603 7898256 286.6415 007.0918 01.58343689003738
0 FALCON 9 R/B
1 42985U 17067B   18180.02148718 +.00005721 -86933-6 +16924-3 0  9994
2 42985 022.0444 101.2164 7898332 287.2296 006.9881 01.58357624003766
0 FALCON 9 R/B
1 42985U 17067B   18180.02148913  .00005686 -86936-6  16629-3 0  9996
2 42985  22.0445 101.2165 7898417 287.2308   6.9870  1.58356784  3759
0 FALCON 9 R/B
1 42985U 17067B   18180.65286758  .00005371 -70576-6  16116-3 0  9990
2 42985  22.0458 101.0451 7898396 287.5253   6.9344  1.58363589  3765
0 FALCON 9 R/B
1 42985U 17067B   18181.91555938  .00004524 -18529-6  14541-3 0  9998
2 42985  22.0480 100.7009 7898514 288.1121   6.8306  1.58375064  3788
0 FALCON 9 R/B
1 42985U 17067B   18183.17817409  .00004107  49078-6  14375-3 0  9996
2 42985  22.0508 100.3569 7898613 288.7021   6.7285  1.58385825  3805
0 FALCON 9 R/B
1 42985U 17067B   18183.80945444  .00003984  82972-6  14449-3 0  9991
2 42985  22.0521 100.1853 7898643 288.9963   6.6810  1.58391416  3811
0 FALCON 9 R/B
1 42985U 17067B   18184.44071768  .00003932  11309-5  14639-3 0  9990
2 42985  22.0537 100.0141 7898659 289.2905   6.6350  1.58396899  3824
0 FALCON 9 R/B
1 42985U 17067B   18185.07196173 +.00003974 +13642-5 +15023-3 0  9994
2 42985 022.0551 099.8437 7898639 289.5845 006.5918 01.58402827003847
0 FALCON 9 R/B
1 42985U 17067B   18185.07196247  .00004309  13642-5  16101-3 0  9997
2 42985  22.0550  99.8441 7898608 289.5843   6.5921  1.58403496  3831
0 FALCON 9 R/B
1 42985U 17067B   18185.70318136  .00004651  15023-5  16806-3 0  9997
2 42985  22.0563  99.6751 7898633 289.8765   6.5511  1.58410486  3844
0 FALCON 9 R/B
1 42985U 17067B   18188.22775639  .00006481  83604-6  18078-3 0  9999
2 42985  22.0622  98.9905 7898625 291.0538   6.4048  1.58445023  3880
0 FALCON 9 R/B
1 42985U 17067B   18189.48984558  .00006113 -78715-7  14240-3 0  9998
2 42985  22.0651  98.6487 7898681 291.6406   6.3367  1.58460157  3907
0 FALCON 9 R/B
1 42985U 17067B   18190.12084426  .00006304 -56167-6  13525-3 0  9999
2 42985  22.0668  98.4759 7898671 291.9375   6.3004  1.58467502  3912
0 FALCON 9 R/B
1 42985U 17067B   18190.75180782  .00006479 -99889-6  12957-3 0  9999
2 42985  22.0687  98.3012 7898651 292.2364   6.2621  1.58475064  3921
0 FALCON 9 R/B
1 42985U 17067B   18192.64449798  .00006324 -16484-5  11081-3 0  9999
2 42985  22.0752  97.7799 7898660 293.1268   6.1297  1.58495433  3955
0 FALCON 9 R/B
1 42985U 17067B   18193.90613550  .00005412 -13641-5  97938-4 0  9993
2 42985  22.0796  97.4311 7898570 293.7206   6.0273  1.58507628  3973
0 FALCON 9 R/B
1 42985U 17067B   18194.53691407  .00005111 -10379-5  96245-4 0  9991
2 42985  22.0817  97.2582 7898602 294.0175   5.9734  1.58513697  3984
0 FALCON 9 R/B
1 42985U 17067B   18195.16767085 +.00004632 -63321-6 +92552-4 0  9997
2 42985 022.0841 097.0834 7898612 294.3113 005.9210 01.58519426004004
0 FALCON 9 R/B
1 42985U 17067B   18195.16767237  .00004517 -63328-6  90709-4 0  9997
2 42985  22.0841  97.0843 7898589 294.3117   5.9206  1.58519043  3998
0 FALCON 9 R/B
1 42985U 17067B   18195.79840808 +.00004000 -19217-6 +83544-4 0  9996
2 42985 022.0866 096.9085 7898740 294.6079 005.8679 01.58524339004011
0 FALCON 9 R/B
1 42985U 17067B   18195.79840844  .00004339 -19234-6  91824-4 0  9990
2 42985  22.0863  96.9107 7898683 294.6088   5.8671  1.58524843  4000
0 FALCON 9 R/B
1 42985U 17067B   18197.69052524  .00004942  94783-6  10874-3 0  9997
2 42985  22.0942  96.3850 7899030 295.5004   5.7218  1.58542862  4032
0 FALCON 9 R/B
1 42985U 17067B   18197.69052767  .00005178  94793-6  10838-3 0  9999
2 42985  22.0942  96.3835 7899196 295.4998   5.7223  1.58542697  4031
0 FALCON 9 R/B
1 42985U 17067B   18198.95182355  .00006433  12792-5  11952-3 0  9997
2 42985  22.1002  96.0314 7899500 296.0980   5.6406  1.58559640  4055
0 FALCON 9 R/B
1 42985U 17067B   18199.58242844  .00006517  12861-5  11179-3 0  9998
2 42985  22.1032  95.8537 7899716 296.3997   5.6047  1.58568377  4061
0 FALCON 9 R/B
1 42985U 17067B   18202.10450155  .00007097  51701-6  99016-4 0  9995
2 42985  22.1162  95.1492 7899763 297.5982   5.4789  1.58605076  4101
0 FALCON 9 R/B
1 42985U 17067B   18202.73492429 +.00007341 +22340-6 +98769-4 0  9997
2 42985 022.1201 094.9751 7899670 297.8965 005.4489 01.58615154004128
0 FALCON 9 R/B
1 42985U 17067B   18202.73492592  .00007419  22346-6  98449-4 0  9995
2 42985  22.1192  94.9752 7899731 297.8977   5.4475  1.58614787  4114
0 FALCON 9 R/B
1 42985U 17067B   18204.62595400 +.00006261 -58396-6 +72883-4 0  9990
2 42985 022.1281 094.4565 7899586 298.7820 005.3484 01.58641208004156
0 FALCON 9 R/B
1 42985U 17067B   18204.62595513 +.00006713 -58387-6 +78098-4 0  9991
2 42985 022.1280 094.4555 7899619 298.7860 005.3466 01.58641166004147
0 FALCON 9 R/B
1 42985U 17067B   18207.14685564 +.00005784 -97270-6 +61136-4 0  9993
2 42985 022.1374 093.7704 7899575 299.9564 005.1876 01.58669656004185
0 FALCON 9 R/B
1 42985U 17067B   18207.77701313 +.00004725 -89263-6 +47229-4 0  9997
2 42985 022.1402 093.5991 7899756 300.2482 005.1445 01.58674154004191
0 FALCON 9 R/B
1 42985U 17067B   18209.66737370 +.00004465 -23431-6 +48741-4 0  9995
2 42985 022.1480 093.0855 7899905 301.1318 005.0102 01.58689146004225
0 FALCON 9 R/B
1 42985U 17067B   18209.66737544 +.00004664 -23421-6 +50747-4 0  9997
2 42985 022.1480 093.0873 7899917 301.1280 005.0118 01.58689265004225
0 FALCON 9 R/B
1 42985U 17067B   18210.92751280  .00005442  43450-6  62232-4 0  9991
2 42985  22.1534  92.7449 7900015 301.7164   4.9265  1.58702502  4242
0 FALCON 9 R/B
1 42985U 17067B   18211.55754467  .00005934  77428-6  69737-4 0  9996
2 42985  22.1559  92.5735 7899962 302.0118   4.8858  1.58710449  4253
0 FALCON 9 R/B
1 42985U 17067B   18211.55754834  .00005439  77435-6  64118-4 0  9990
2 42985  22.1554  92.5760 7900011 302.0083   4.8871  1.58709222  4257
0 FALCON 9 R/B
1 42985U 17067B   18212.81752828  .00006347  13208-5  74806-4 0  9992
2 42985  22.1607  92.2340 7899990 302.5982   4.8126  1.58726827  4278
0 FALCON 9 R/B
1 42985U 17067B   18212.81752924  .00006029  13209-5  71369-4 0  9998
2 42985  22.1609  92.2337 7900015 302.5960   4.8133  1.58726147  4276
0 FALCON 9 R/B
1 42985U 17067B   18214.70725827  .00007937  14144-5  86132-4 0  9992
2 42985  22.1688  91.7247 7899888 303.4772   4.7210  1.58756984  4304
0 FALCON 9 R/B
1 42985U 17067B   18214.70726006  .00007743  14144-5  83796-4 0  9990
2 42985  22.1686  91.7265 7899920 303.4739   4.7221  1.58756368  4300
0 FALCON 9 R/B
1 42985U 17067B   18216.59662656 +.00009135 +44976-6 +82965-4 0  9990
2 42985 022.1766 091.2158 7899892 304.3564 004.6426 01.58790033004346
0 FALCON 9 R/B
1 42985U 17067B   18216.59662656  .00009135  44976-6  82965-4 0  9990
2 42985  22.1766  91.2158 7899892 304.3564   4.6426  1.58790033  4335
0 FALCON 9 R/B
1 42985U 17067B   18219.74468244  .00008457 -14917-5  57675-4 0  9995
2 42985  22.1868  90.3635 7899912 305.8297   4.4884  1.58838446  4382
0 FALCON 9 R/B
1 42985U 17067B   18219.74468397  .00007746 -14917-5  52670-4 0  9994
2 42985  22.1895  90.3609 7899858 305.8305   4.4895  1.58836838  4387
0 FALCON 9 R/B
1 42985U 17067B   18220.31397855 -.00034049 -15752-5 -21313-3 0  9994
2 42985  22.2588  90.2158 7901442 306.0717 330.0453  1.58830078  4397
0 FALCON 9 R/B
1 42985U 17067B   18220.37417496  .00007943 -15769-5  53990-4 0  9990
2 42985  22.1936  90.1874 7899798 306.1259   4.4499  1.58845837  4390
0 FALCON 9 R/B
1 42985U 17067B   18221.63304826  .00007661 -13155-5  54114-4 0  9995
2 42985  22.1973  89.8429 7899690 306.7188   4.3611  1.58862103  4413
0 FALCON 9 R/B
1 42985U 17067B   18221.63304945  .00007629 -13154-5  54512-4 0  9992
2 42985  22.1999  89.8429 7899634 306.7166   4.3626  1.58861967  4418
0 FALCON 9 R/B
1 42985U 17067B   18222.26243098 +.00007582 -10016-5 +56506-4 0  9990
2 42985 022.2048 089.6695 7899576 307.0129 004.3162 01.58870802004430
0 FALCON 9 R/B
1 42985U 17067B   18222.26243098  .00007582 -10016-5  56506-4 0  9990
2 42985  22.2048  89.6695 7899576 307.0129   4.3162  1.58870802  4429
0 FALCON 9 R/B
1 42985U 17067B   18223.52109860 +.00007206 -17425-6 +57553-4 0  9996
2 42985 022.2131 089.3240 7899601 307.6031 004.2235 01.58887774004440
0 FALCON 9 R/B
1 42985U 17067B   18224.77964184 +.00008365 +65141-6 +67527-4 0  9998
2 42985 022.2222 088.9766 7899753 308.1943 004.1377 01.58907495004466
0 FALCON 9 R/B
1 42985U 17067B   18225.40886247 +.00009125 +97512-6 +71360-4 0  9994
2 42985 022.2271 088.8023 7899899 308.4915 004.0991 01.58918557004471
0 FALCON 9 R/B
1 42985U 17067B   18228.55425304  .00016755  11521-5  10462-3 0  9993
2 42985  22.2491  87.9283 7900053 309.9854   3.9549  1.58999544  4524
0 FALCON 9 R/B
1 42985U 17067B   18230.44059293  .00015716  40099-6  87205-4 0  9993
2 42985  22.2633  87.4059 7899917 310.8808   3.8865  1.59060046  4554
0 FALCON 9 R/B
1 42985U 17067B   18231.69772689  .00015232 -15720-6  83377-4 0  9995
2 42985  22.2728  87.0632 7899458 311.4701   3.8368  1.59101757  4576
0 FALCON 9 R/B
1 42985U 17067B   18231.69773105  .00014645 -15717-6  78946-4 0  9998
2 42985  22.2721  87.0620 7899554 311.4731   3.8354  1.59099625  4571
0 FALCON 9 R/B
1 42985U 17067B   18233.58281018  .00014886 -74864-6  78250-4 0  9998
2 42985  22.2843  86.5499 7899011 312.3542   3.7451  1.59158961  4602
0 FALCON 9 R/B
1 42985U 17067B   18233.58511618  .00016758 -74906-6  96077-4 0  9994
2 42985  22.3149  86.5416 7898556 312.3365   5.0712  1.59162517  4604
0 FALCON 9 R/B
1 42985U 17067B   18235.46727272  .00012252 -78403-6  61310-4 0  9991
2 42985  22.2955  86.0427 7898885 313.2270   3.6386  1.59203085  4635
0 FALCON 9 R/B
1 42985U 17067B   18236.72328683  .00014196 -44060-6  70535-4 0  9994
2 42985  22.3028  85.7036 7898805 313.8127   3.5623  1.59236413  4654
0 FALCON 9 R/B
1 42985U 17067B   18237.28938779  .00012474 -19954-6  65041-4 0  9996
2 42985  22.3456  85.5388 7898527 314.0791 328.0826  1.59249239  4669
0 FALCON 9 R/B
1 42985U 17067B   18238.60675686  .00025863  49006-6  12470-3 0  9991
2 42985  22.3139  85.1953 7898486 314.6933   3.4515  1.59312349  4683
0 FALCON 9 R/B
1 42985U 17067B   18239.23435092  .00030808  83591-6  14301-3 0  9993
2 42985  22.3173  85.0261 7898386 314.9893   3.4173  1.59349751  4697
0 FALCON 9 R/B
1 42985U 17067B   18239.86177721  .00031348  11548-5  14713-3 0  9993
2 42985  22.3203  84.8551 7898018 315.2809   3.3860  1.59388652  4700
0 FALCON 9 R/B
1 42985U 17067B   18240.48905799  .00033017  14158-5  15430-3 0  9999
2 42985  22.3237  84.6880 7897683 315.5740   3.3575  1.59431090  4713
0 FALCON 9 R/B
1 42985U 17067B   18241.74313771  .00035752  16568-5  16957-3 0  9992
2 42985  22.3307  84.3487 7896831 316.1616   3.3073  1.59517608  4739
0 FALCON 9 R/B
1 42985U 17067B   18241.74315823  .00034446  16568-5  15875-3 0  9999
2 42985  22.3306  84.3509 7897047 316.1596   3.3074  1.59511978  4735
0 FALCON 9 R/B
1 42985U 17067B   18242.36997411  .00035284  15991-5  16109-3 0  9998
2 42985  22.3337  84.1824 7896713 316.4522   3.2858  1.59553065  4741
0 FALCON 9 R/B
1 42985U 17067B   18243.62307701  .00039646  11142-5  17174-3 0  9998
2 42985  22.3405  83.8462 7896079 317.0386   3.2473  1.59647221  4764
0 FALCON 9 R/B
1 42985U 17067B   18244.24934197  .00039433  72080-6  16461-3 0  9993
2 42985  22.3440  83.6765 7895820 317.3328   3.2286  1.59694283  4772
0 FALCON 9 R/B
1 42985U 17067B   18245.50128133  .00039537 -19748-6  16269-3 0  9992
2 42985  22.3515  83.3375 7894916 317.9180   3.1900  1.59793110  4799
0 FALCON 9 R/B
1 42985U 17067B   18246.12695161  .00039569 -63381-6  15474-3 0  9995
2 42985  22.3557  83.1677 7894713 318.2157   3.1665  1.59842962  4801
0 FALCON 9 R/B
1 42985U 17067B   18247.37767807  .00037988 -12491-5  14561-3 0  9994
2 42985  22.3635  82.8265 7893895 318.8034   3.1118  1.59940618  4829
0 FALCON 9 R/B
1 42985U 17067B   18248.00276924  .00037865 -13676-5  16316-3 0  9990
2 42985  22.3676  82.6568 7892808 319.0932   3.0812  1.59988762  4834
0 FALCON 9 R/B
1 42985U 17067B   18248.62765429  .00038180 -13426-5  16680-3 0  9999
2 42985  22.3722  82.4862 7892319 319.3888   3.0454  1.60037125  4844
0 FALCON 9 R/B
1 42985U 17067B   18249.25234276  .00037622 -11800-5  14334-3 0  9998
2 42985  22.3773  82.3157 7892706 319.6931   3.0044  1.60083263  4858
0 FALCON 9 R/B
1 42985U 17067B   18250.50120861  .00038511 -52892-6  15873-3 0  9996
2 42985  22.3860  81.9733 7891523 320.2830   2.9242  1.60178155  4877
0 FALCON 9 R/B
1 42985U 17067B   18250.50122307  .00040104 -52887-6  16554-3 0  9995
2 42985  22.3863  81.9745 7891522 320.2813   2.9248  1.60177445  4870
0 FALCON 9 R/B
1 42985U 17067B   18251.12539845  .00040119 -10858-6  16485-3 0  9994
2 42985  22.3906  81.8035 7891206 320.5757   2.8847  1.60222268  4887
0 FALCON 9 R/B
1 42985U 17067B   18251.74941265  .00041703  32282-6  17177-3 0  9998
2 42985  22.3955  81.6325 7890834 320.8704   2.8465  1.60268523  4893
0 FALCON 9 R/B
1 42985U 17067B   18252.37324388 +.00047812 +72789-6 +19462-3 0  9991
2 42985 022.4004 081.4610 7890441 321.1658 002.8110 01.60323955004911
0 FALCON 9 R/B
1 42985U 17067B   18252.37324388  .00047812  72789-6  19462-3 0  9991
2 42985  22.4004  81.4610 7890441 321.1658   2.8110  1.60323955  4900
0 FALCON 9 R/B
1 42985U 17067B   18253.62024667  .00074081  13409-5  30357-3 0  9994
2 42985  22.4113  81.1162 7889091 321.7577   2.7517  1.60472186  4928
0 FALCON 9 R/B
1 42985U 17067B   18254.86583985  .00119216  15829-5  43869-3 0  9994
2 42985  22.4216  80.7704 7887544 322.3575   2.7063  1.60713343  4946
0 FALCON 9 R/B
1 42985U 17067B   18255.48775180  .00089010  15593-5  31238-3 0  9996
2 42985  22.4358  80.6217 7887047 322.6115   2.6342  1.60803528  4957
0 FALCON 9 R/B
1 42985U 17067B   18256.72988602  .00157842  12737-5  50613-3 0  9993
2 42985  22.4381  80.2542 7883894 323.2539   2.6590  1.61215710  4971
0 FALCON 9 R/B
1 42985U 17067B   18257.96903764  .00156813  78475-6  49462-3 0  9995
2 42985  22.4481  79.9109 7880765 323.8469   2.6315  1.61580154  4992
0 FALCON 9 R/B
1 42985U 17067B   18258.58753052  .00155092  51014-6  49154-3 0  9993
2 42985  22.4511  79.7412 7879084 324.1434   2.6165  1.61766765  5009
0 FALCON 9 R/B
1 42985U 17067B   18258.58755249 +.00147476 +51010-6 +47513-3 0  9993
2 42985 022.4534 079.7376 7879035 324.1456 002.6163 01.61761243005018
0 FALCON 9 R/B
1 42985U 17067B   18258.58755249  .00147476  51010-6  47513-3 0  9993
2 42985  22.4534  79.7376 7879035 324.1456   2.6163  1.61761243  5007
0 FALCON 9 R/B
1 42985U 17067B   18259.20528818  .00149965  23855-6  48172-3 0  9996
2 42985  22.4571  79.5712 7877388 324.4374   2.5999  1.61949320  5012
0 FALCON 9 R/B
1 42985U 17067B   18260.43887613 +.00130859 -23520-6 +42810-3 0  9999
2 42985 022.4665 079.2295 7874397 325.0293 002.5590 01.62275151005037
0 FALCON 9 R/B
1 42985U 17067B   18260.43887613  .00130859 -23520-6  42810-3 0  9999
2 42985  22.4665  79.2295 7874397 325.0293   2.5590  1.62275151  5037
0 FALCON 9 R/B
1 42985U 17067B   18261.67010802  .00119418 -53409-6  38657-3 0  9995
2 42985  22.4743  78.8954 7871920 325.6096   2.5096  1.62563016  5050
0 FALCON 9 R/B
1 42985U 17067B   18261.67013256  .00115214 -53411-6  37754-3 0  9991
2 42985  22.4739  78.8922 7871889 325.6147   2.5091  1.62558177  5058
0 FALCON 9 R/B
1 42985U 17067B   18262.28495121  .00114483 -59384-6  36752-3 0  9993
2 42985  22.4783  78.7267 7870791 325.9021   2.4815  1.62697099  5064
0 FALCON 9 R/B
1 42985U 17067B   18263.51313448 +.00109485 -50500-6 +35842-3 0  9997
2 42985 022.4873 078.3868 7868335 326.4922 002.4213 01.62964400005081
0 FALCON 9 R/B
1 42985U 17067B   18264.12646975 +.00123964 -35375-6 +38316-3 0  9999
2 42985 022.4902 078.2213 7867384 326.7807 002.3903 01.63113215005092
0 FALCON 9 R/B
1 42985U 17067B   18264.73927438 +.00144147 -13656-6 +44551-3 0  9994
2 42985 022.4935 078.0524 7865939 327.0773 002.3594 01.63278960005108
0 FALCON 9 R/B
1 42985U 17067B   18265.35145354 +.00161040 +13686-6 +49196-3 0  9995
2 42985 022.4973 077.8843 7864476 327.3711 002.3292 01.63454774005127
0 FALCON 9 R/B
1 42985U 17067B   18266.57349235 +.00177092 +78553-6 +58907-3 0  9992
2 42985 022.5059 077.5462 7860243 327.9624 002.2744 01.63880937005141
0 FALCON 9 R/B
1 42985U 17067B   18266.57349235 +.00177092 +78553-6 +58907-3 0  9992
2 42985 022.5059 077.5462 7860243 327.9624 002.2744 01.63880937005130
0 FALCON 9 R/B
1 42985U 17067B   18266.57357805 +.00234468 +78549-6 +71447-3 0  9994
2 42985 022.5050 077.5488 7860361 327.9616 002.2744 01.63926860005137
0 FALCON 9 R/B
1 42985U 17067B   18267.18317600 +.00253578 +11158-5 +74573-3 0  9999
2 42985 022.5082 077.3816 7858200 328.2513 002.2501 01.64198882005142
0 FALCON 9 R/B
1 42985U 17067B   18267.79164951 +.00322721 +14135-5 +97449-3 0  9997
2 42985 022.5119 077.2127 7854809 328.5524 002.2295 01.64567366005151
0 FALCON 9 R/B
1 42985U 17067B   18268.39865163  .00378808  16521-5  11391-2 0  9996
2 42985  22.5144  77.0459 7851163 328.8449   2.2123  1.64986869  5168
0 FALCON 9 R/B
1 42985U 17067B   18269.00393981 +.00471070 +18063-5 +14203-2 0  9992
2 42985 022.5174 076.8783 7846531 329.1422 002.1990 01.65514523005184
0 FALCON 9 R/B
1 42985U 17067B   18269.00393981  .00471070  18063-5  14203-2 0  9992
2 42985  22.5174  76.8783 7846531 329.1422   2.1990  1.65514523  5173
0 FALCON 9 R/B
1 42985U 17067B   18269.60712658  .00588192  18576-5  17801-2 0  9994
2 42985  22.5196  76.7104 7840976 329.4437   2.1891  1.66147712  5183
0 FALCON 9 R/B
1 42985U 17067B   18270.20782046  .00706536  17965-5  21517-2 0  9994
2 42985  22.5204  76.5430 7834445 329.7418   2.1832  1.66892048  5194
0 FALCON 9 R/B
1 42985U 17067B   18270.80561239  .00841382  23858-5  27560-2 0  9990
2 42985  22.5242  76.3756 7826439 330.0412   2.1810  1.67760958  5201
0 FALCON 9 R/B
1 42985U 17067B   18271.99041244  .01248306  26451-5  48753-2 0  9997
2 42985  22.5300  76.0403 7805959 330.6440   2.1852  1.70000652  5223
0 FALCON 9 R/B
1 42985U 17067B   18271.99041244  .01248306  26451-5  48753-2 0  9997
2 42985  22.5300  76.0403 7805959 330.6440   2.1852  1.70000652  5223
0 FALCON 9 R/B
1 42985U 17067B   18277.68887322  .00585623 -59139-6  30493-2 0  9992
2 42985  22.5646  74.2403 7720256 333.7696   7.0809  1.79799560  5328
0 FALCON 9 R/B
1 42985U 17067B   18277.68887322 +.00585623 -59139-6 +30493-2 0  9992
2 42985 022.5646 074.2403 7720256 333.7696 007.0809 01.79799560005328
0 FALCON 9 R/B
1 42985U 17067B   18280.43026861  .00889948  10598-5  33333-2 0  9999
2 42985  22.5778  73.4937 7684532 335.0863   1.9444  1.84242038  5376
0 FALCON 9 R/B
1 42985U 17067B   18282.55377543  .00019754  17262-5  10000-3 0  9992
2 42985  22.5945  72.7634 7609868 336.6215  11.5728  1.93005780  5402
0 FALCON 9 R/B
1 42985U 17067B   18283.53141267  .00035951  13013-5  10000-3 0  9990
2 42985  22.5849  72.3736 7517134 337.1678  12.6657  2.04712971  5422
0 FALCON 9 R/B
1 42985U 17067B   18284.43064697  .32087833  66028-4  18008-1 0  9999
2 42985  22.5498  72.1552 7346145 337.7322   2.2328  2.27732220  5446
0 FALCON 9 R/B
1 42985U 17067B   18284.43065479  .07213303  61040-4  33371-2 0  9993
2 42985  22.5328  72.1677 7359442 337.5886   2.3571  2.26264054  5448
0 FALCON 9 R/B
1 42985U 17067B   18289.39228831  .12312578  10432-4  80588-2 0  9997
2 42985  22.5066  69.5557 6555183 342.2587   2.7645  3.35414032  5556
0 FALCON 9 R/B
1 42985U 17067B   18290.26254904  .19407218  72422-5  80649-2 0  9994
2 42985  22.5267  69.0287 6424530 343.1421   2.7893  3.55297504  5585
0 FALCON 9 R/B
1 42985U 17067B   18290.54113631 +.20215446 +63206-5 +81381-2 0  9992
2 42985 022.5260 068.8347 6373911 343.4902 002.7938 03.62863613005639
0 FALCON 9 R/B
1 42985U 17067B   18292.57497055  .17151284  26863-5  63792-2 0  9991
2 42985  22.5150  67.2476 5955404 346.3133   2.7583  4.27059288  5670
0 FALCON 9 R/B
1 42985U 17067B   18292.58185855  .17071688  96873-6  32746-1 0  9996
2 42985  22.4451  66.9750 5936417 346.6395  13.3919  4.27280080  5677
0 FALCON 9 R/B
1 42985U 17067B   18293.06370910  .18328687  11237-5  60384-1 0  9992
2 42985  22.5137  66.7039 5810379 347.4306  52.6032  4.46500777  5699
0 FALCON 9 R/B
1 42985U 17067B   18293.26479902  .19084919  12324-5  33721-1 0  9996
2 42985  22.5025  66.4153 5763585 347.6855  19.5152  4.54798737  5707
0 FALCON 9 R/B
1 42985U 17067B   18293.47233620 +.21285100 +35263-5 +60765-2 0  9998
2 42985 022.5092 066.3928 5730684 347.7970 002.6843 04.63434937005757
0 FALCON 9 R/B
1 42985U 17067B   18293.48943782  .19399663  12890-5  89181-2 0  9997
2 42985  22.5349  66.3657 5720140 347.9045  31.2603  4.64104927  5714
0 FALCON 9 R/B
1 42985U 17067B   18293.52699713  .19854183  13528-5  17494-1 0  9993
2 42985  22.5318  66.1856 5702449 348.1458  94.1702  4.65735933  5718
0 FALCON 9 R/B
1 42985U 17067B   18293.80758238  .10765615  15795-5  18434-4 0  9990
2 42985  22.4979  66.0462 5723722 347.7024 213.9320  4.77101359  5723
0 FALCON 9 R/B
1 42985U 17067B   18293.92055667  .26344991  26312-5  16137-1 0  9998
2 42985  22.4623  65.9531 5587522 348.6290  47.0659  4.85102541  5730
0 FALCON 9 R/B
1 42985U 17067B   18294.02472786  .22017338  23203-5  93096-2 0  9999
2 42985  22.4642  65.8467 5572907 348.8097 229.1084  4.88257681  5730
0 FALCON 9 R/B
1 42985U 17067B   18294.14110506  .34989103  57205-5  89721-2 0  9991
2 42985  22.4635  65.8089 5522472 348.8317  75.7313  4.97718892  5746
0 FALCON 9 R/B
1 42985U 17067B   18294.49739993  .24767026  44370-5  53417-2 0  9995
2 42985  22.4935  65.3353 5431103 349.7506   2.5183  5.13346582  5765
0 FALCON 9 R/B
1 42985U 17067B   18294.49740000  .25656845  45716-5  57111-2 0  9993
2 42985  22.4955  65.3360 5430719 349.7383   2.5218  5.13328538  5760
0 FALCON 9 R/B
1 42985U 17067B   18294.52933959  .25625258  45915-5  90974-2 0  9993
2 42985  22.4954  65.3085 5412790 349.8297  61.6752  5.15181800  5767
0 FALCON 9 R/B
1 42985U 17067B   18295.10371889  .29627170  35608-5  31256-1 0  9990
2 42985  22.4907  64.5946 5199034 351.2149  82.5901  5.49044383  5790
0 FALCON 9 R/B
1 42985U 17067B   18295.19171657  .29001775  35523-5  28079-1 0  9992
2 42985  22.4460  64.3744 5172297 351.4076 257.0497  5.53771251  5796
0 FALCON 9 R/B
1 42985U 17067B   18295.68218743  .38476582  59852-5  82778-2 0  9994
2 42985  22.4849  63.7820 4987246 352.3645 186.5776  5.89268508  5829
0 FALCON 9 R/B
1 42985U 17067B   18295.76456660  .36318174  55697-5  62714-2 0  9996
2 42985  22.4814  63.7513 4958164 352.5900   2.1435  5.95004834  5825
0 FALCON 9 R/B
1 42985U 17067B   18295.77258284  .31100291  49308-5  63015-2 0  9990
2 42985  22.4838  63.6192 4956957 352.6525  19.3599  5.94745867  5823
0 FALCON 9 R/B
1 42985U 17067B   18295.77258284  .38292224  58724-5  84599-2 0  9997
2 42985  22.4805  63.5744 4947663 352.6377  19.4355  5.96129998  5822
0 FALCON 9 R/B
1 42985U 17067B   18296.01764470  .35983755  42309-5  13980-1 0  9994
2 42985  22.4957  63.2994 4841689 353.3159 192.6939  6.13318966  5840
0 FALCON 9 R/B
1 42985U 17067B   18296.37093324  .33992304  45778-5  60069-2 0  9998
2 42985  22.4907  62.9205 4712852 353.9873 269.7491  6.38499326  5862
0 FALCON 9 R/B
1 42985U 17067B   18296.41083878  .36791688 -35194-5  42229-2 0  9991
2 42985  22.4623  62.7916 4699665 354.2240   1.8494  6.42289671  5865
0 FALCON 9 R/B
1 42985U 17067B   18296.42680909  .25595240 -49660-5  28655-2 0  9994
2 42985  22.5023  62.9276 4708611 354.0017  38.5740  6.40765803  5868
0 FALCON 9 R/B
1 42985U 17067B   18296.56490958 +.45362034 -26460-5 +55689-2 0  9997
2 42985 022.4598 062.5599 4624594 354.6964 001.7394 06.55621881005929
0 FALCON 9 R/B
1 42985U 17067B   18296.56493671 +.37788106 -36080-5 +50980-2 0  9993
2 42985 022.4595 062.5479 4630392 354.6679 001.7455 06.54249144005924
0 FALCON 9 R/B
1 42985U 17067B   18297.44527716  .00000365 -55955-6  00000+0 0  9991
2 42985  22.4118  60.5138 4196150 358.5110  45.0376  7.28247337  5935
0 FALCON 9 R/B
1 42985U 17067B   18297.58075821 +.45949555 -28441-6 +88977-2 0  9995
2 42985 022.4449 060.7744 4113958 357.9796 047.7622 07.48726417005942
0 FALCON 9 R/B
1 42985U 17067B   18297.58663392  .46161906 -28355-6  93797-2 0  9998
2 42985  22.4479  60.7013 4109907 358.0793  63.6041  7.49334960  5943
0 FALCON 9 R/B
1 42985U 17067B   18297.82556661 +.55784824 -39815-5 +46112-2 0  9996
2 42985 022.4343 060.2444 3981908 358.8100 000.4831 07.77072905006018
0 FALCON 9 R/B
1 42985U 17067B   18298.55346159 +.64621298 -52380-5 +37151-2 0  9996
2 42985 022.4143 058.5771 3513532 001.8531 359.1834 08.70307247006073
0 FALCON 9 R/B
1 42985U 17067B   18298.55346890  .61833472 -55907-5  35979-2 0  9998
2 42985  22.4115  58.5618 3513453   1.8725 359.1747  8.70264387  6013
0 FALCON 9 R/B
1 42985U 17067B   18298.68114981  .84763924 -32456-5  88251-2 0  9990
2 42985  22.4123  58.1584 3383675   2.5849  44.8541  8.93574673  6024
0 FALCON 9 R/B
1 42985U 17067B   18299.69792138  .00001340 -35541-5  00000+0 0  9994
2 42985  22.3677  54.1554 2413948  10.3756  52.1318 10.91797296  6124
0 FALCON 9 R/B
1 42985U 17067B   18299.69792138  .99999999 -59274-5  77901-2 0  9994
2 42985  22.3711  55.2307 2410839   8.1945  53.1160 10.98057730  6127
0 FALCON 9 R/B
1 42985U 17067B   18299.98390286  .00004072 -25874-4  00000+0 0  9996
2 42985  22.3207  53.9436 2021675   9.4849 147.8932 11.86704045  6155
0 FALCON 9 R/B
1 42985U 17067B   18300.06030583  .99999999 -59789-5  94038-2 0  9998
2 42985  22.3594  53.5576 1906581  11.2317 115.4887 12.08624128  6162
0 FALCON 9 R/B
1 42985U 17067B   18300.16449530  .99999999 -42095-5  80208-2 0  9991
2 42985  22.2755  53.1792 1721641  11.5082 218.4058 12.51964753  6174
0 FALCON 9 R/B
1 42985U 17067B   18300.25279152  .99999999 -11728-5  12655-2 0  9992
2 42985  22.2999  52.7429 1588672  12.7848 262.8413 12.93155773  6183
