0 H-2A R/B
1 57804U 23137E   23250.02222222 -.00000172  00000-0  00000+0 0  9996
2 57804  31.0609  16.8594 8751088 243.3823   0.4577  0.66275928    19
0 H-2A R/B
1 57804U 23137E   23257.66415800 -.00000127  00000-0  00000-0 0  9990
2 57804  30.2702  15.9051 8761563 244.6568   9.2327  0.65818506    59
0 H-2A R/B
1 57804U 23137E   23257.66415800 -.00000127  00000-0  00000+0 0  9999
2 57804  30.2702  15.9051 8761563 244.6568   9.2327  0.65818506    59
0 H-2A R/B
1 57804U 23137E   23257.66415808 -.00000127  00000-0  00000-0 0  9998
2 57804  30.2702  15.9051 8761565 244.6568   9.2326  0.65818521    57
0 H-2A R/B
1 57804U 23137E   23257.66416021 -.00000127  00000-0  00000+0 0  9995
2 57804  30.2703  15.9066 8761758 244.6580   9.2303  0.65806047    57
0 H-2A R/B
1 57804U 23137E   23258.42580396 -.00000139  00000-0  00000+0 0  9990
2 57804  30.2170  15.9863 8803822 244.5995 189.4189  0.65743200    63
0 H-2A R/B
1 57804U 23137E   23258.42580396  .00002138  00000-0  20223-1 0  9991
2 57804  30.3049  15.9978 8798189 244.6834 189.6655  0.65768929    63
0 H-2A R/B
1 57804U 23137E   23260.70515321 -.00000173  00000-0  00000-0 0  9999
2 57804  30.2777  15.6824 8765250 244.9685   9.1058  0.65936287    75
0 H-2A R/B
1 57804U 23137E   23260.70515321 -.00000173  00000-0  00000+0 0  9998
2 57804  30.2777  15.6824 8765250 244.9685   9.1058  0.65936287    75
0 H-2A R/B
1 57804U 23137E   23262.22586124  .00001268  00000-0  12318-1 0  9998
2 57804  30.3173  15.7623 8798980 245.0773   8.8320  0.65742003    80
0 H-2A R/B
1 57804U 23137E   23262.22586124  .00001268  00000-0  12318-1 0  9998
2 57804  30.3173  15.7623 8798980 245.0773   8.8320  0.65742003    80
0 H-2A R/B
1 57804U 23137E   23262.22590615 -.00002030  00000-0 -15684-1 0  9997
2 57804  30.3199  15.7657 8799123 245.0766   8.8285  0.65749322    88
0 H-2A R/B
1 57804U 23137E   23262.22590615 -.00002030  00000-0 -15684-1 0  9997
2 57804  30.3199  15.7657 8799123 245.0766   8.8285  0.65749322    88
0 H-2A R/B
1 57804U 23137E   23263.64055831  .00001370  00000-0  12318-1 0  9995
2 57804  30.3246  15.6589 8799722 245.2447 343.6394  0.65732038    84
0 H-2A R/B
1 57804U 23137E   23263.74685270 -.00000134  00000-0  00000-0 0  9994
2 57804  30.2832  15.4578 8773497 245.4068   8.8994  0.65666855    92
0 H-2A R/B
1 57804U 23137E   23263.74685270 -.00000134  00000-0  00000+0 0  9993
2 57804  30.2832  15.4578 8773497 245.4068   8.8994  0.65666855    81
0 H-2A R/B
1 57804U 23137E   23268.31011839  .00007507  00000-0  41904+0 0  9993
2 57804  30.2804  15.0634 8767173 246.0282   8.7939  0.65727456   126
0 H-2A R/B
1 57804U 23137E   23268.31011839  .00007507  00000-0  41904+0 0  9993
2 57804  30.2804  15.0634 8767173 246.0282   8.7939  0.65727456   115
0 H-2A R/B
1 57804U 23137E   23268.31015971 -.00002144  00000-0 -16250-1 0  9996
2 57804  30.3151  15.2530 8800109 245.8983   8.6813  0.65750701   120
0 H-2A R/B
1 57804U 23137E   23268.31015971 -.00002144  00000-0 -16250-1 0  9996
2 57804  30.3151  15.2530 8800109 245.8983   8.6813  0.65750701   119
0 H-2A R/B
1 57804U 23137E   23278.95625306 -.00007165  00000-0 -38291-1 0  9993
2 57804  30.3107  14.3318 8804155 247.3857   7.8685  0.65755719   196
0 H-2A R/B
1 57804U 23137E   23278.95625306 -.00007165  00000-0 -38291-1 0  9993
2 57804  30.3107  14.3318 8804155 247.3857   7.8685  0.65755719   185
0 H-2A R/B
1 57804U 23137E   23280.47754876  .00016833  00000-0  54493+0 0  9998
2 57804  30.2989  14.1092 8778602 247.5771   8.2812  0.65715596   202
0 H-2A R/B
1 57804U 23137E   23280.47754876  .00016833  00000-0  54493+0 0  9998
2 57804  30.2989  14.1092 8778602 247.5771   8.2812  0.65715596   190
0 H-2A R/B
1 57804U 23137E   23280.47755545 -.00003582  00000-0 -21224-1 0  9999
2 57804  30.3084  14.1912 8802547 247.6047   7.8737  0.65756998   205
0 H-2A R/B
1 57804U 23137E   23280.47755545 -.00003582  00000-0 -21224-1 0  9999
2 57804  30.3084  14.1912 8802547 247.6047   7.8737  0.65756998   193
0 H-2A R/B
1 57804U 23137E   23281.99850520 -.00010047  00000-0 -67912-1 0  9994
2 57804  30.3074  14.0548 8801338 247.8111   7.8436  0.65767200   214
0 H-2A R/B
1 57804U 23137E   23281.99850520 -.00010047  00000-0 -67912-1 0  9994
2 57804  30.3074  14.0548 8801338 247.8111   7.8436  0.65767200   203
0 H-2A R/B
1 57804U 23137E   23283.51912603  .00005991  00000-0  20720+0 0  9999
2 57804  30.3014  13.8564 8777564 247.9365   8.2022  0.65751200   228
0 H-2A R/B
1 57804U 23137E   23283.51912603  .00005991  00000-0  20720+0 0  9999
2 57804  30.3014  13.8564 8777564 247.9365   8.2022  0.65751200   217
0 H-2A R/B
1 57804U 23137E   23283.51916661 -.00015342  00000-0 -10432+0 0  9999
2 57804  30.3067  13.9227 8801274 248.0121   7.7575  0.65772810   228
0 H-2A R/B
1 57804U 23137E   23283.51916661 -.00015342  00000-0 -10432+0 0  9999
2 57804  30.3067  13.9227 8801274 248.0121   7.7575  0.65772810   217
0 H-2A R/B
1 57804U 23137E   23286.56007568 -.00003081  00000-0 -16176-1 0  9994
2 57804  30.3053  13.6613 8803151 248.4271   7.4594  0.65759233   249
0 H-2A R/B
1 57804U 23137E   23286.56007568 -.00003081  00000-0 -16176-1 0  9994
2 57804  30.3053  13.6613 8803151 248.4271   7.4594  0.65759233   238
0 H-2A R/B
1 57804U 23137E   23286.56008602  .00026783  00000-0  62088+0 0  9997
2 57804  30.3082  13.6303 8784586 248.2784   8.0531  0.65719117   249
0 H-2A R/B
1 57804U 23137E   23286.56008602  .00026783  00000-0  62088+0 0  9997
2 57804  30.3082  13.6303 8784586 248.2784   8.0531  0.65719117   238
0 H-2A R/B
1 57804U 23137E   23288.08059987 -.00011613  00000-0 -64190-1 0  9994
2 57804  30.3020  13.5162 8803642 248.6539   7.3070  0.65764152   250
0 H-2A R/B
1 57804U 23137E   23288.08059987 -.00011613  00000-0 -64190-1 0  9994
2 57804  30.3020  13.5162 8803642 248.6539   7.3070  0.65764152   249
0 H-2A R/B
1 57804U 23137E   23288.08060845 -.00005450  00000-0 -28821-1 0  9992
2 57804  30.3041  13.5260 8803738 248.6428   7.3080  0.65756694   258
0 H-2A R/B
1 57804U 23137E   23288.08060845 -.00005450  00000-0 -28821-1 0  9992
2 57804  30.3041  13.5260 8803738 248.6428   7.3080  0.65756694   247
0 H-2A R/B
1 57804U 23137E   23289.60129699  .00001499  00000-0  11118-1 0  9992
2 57804  30.3026  13.3893 8803784 248.8607   7.1971  0.65751829   266
0 H-2A R/B
1 57804U 23137E   23289.60129699  .00001499  00000-0  11118-1 0  9992
2 57804  30.3026  13.3893 8803784 248.8607   7.1971  0.65751829   255
0 H-2A R/B
1 57804U 23137E   23289.60130725  .00041880  00000-0  60011+0 0  9996
2 57804  30.3142  13.4078 8792743 248.6592   7.8871  0.65679725   264
0 H-2A R/B
1 57804U 23137E   23289.60130725  .00041880  00000-0  60011+0 0  9996
2 57804  30.3142  13.4078 8792743 248.6592   7.8871  0.65679725   253
0 H-2A R/B
1 57804U 23137E   23292.64322068  .00000891  00000-0  75119-2 0  9992
2 57804  30.2996  13.1143 8803463 249.2931   7.1405  0.65745657   282
0 H-2A R/B
1 57804U 23137E   23292.64322068  .00000891  00000-0  75119-2 0  9992
2 57804  30.2996  13.1143 8803463 249.2931   7.1405  0.65745657   271
0 H-2A R/B
1 57804U 23137E   23292.64322097  .00001606  00000-0  11757-1 0  9996
2 57804  30.2996  13.1142 8803481 249.2935   7.1401  0.65744516   284
0 H-2A R/B
1 57804U 23137E   23294.16433419 -.00001448  00000-0 -62669-2 0  9991
2 57804  30.2984  12.9806 8803948 249.5062   7.1478  0.65749492   290
0 H-2A R/B
1 57804U 23137E   23294.16433419 -.00001448  00000-0 -62669-2 0  9991
2 57804  30.2984  12.9806 8803948 249.5062   7.1478  0.65749492   289
0 H-2A R/B
1 57804U 23137E   23294.16434142 -.00073594  00000-0 -41453+0 0  9991
2 57804  30.2992  12.9806 8802643 249.4938   7.1631  0.65857457   293
0 H-2A R/B
1 57804U 23137E   23294.16434142 -.00073594  00000-0 -41453+0 0  9991
2 57804  30.2992  12.9806 8802643 249.4938   7.1631  0.65857457   282
0 H-2A R/B
1 57804U 23137E   23294.16437406  .00005987  00000-0  31249-1 0  9990
2 57804  30.2978  12.9757 8804807 249.5180   7.1390  0.65741768   295
0 H-2A R/B
1 57804U 23137E   23294.16437406  .00005987  00000-0  31249-1 0  9990
2 57804  30.2978  12.9757 8804807 249.5180   7.1390  0.65741768   284
0 H-2A R/B
1 57804U 23137E   23295.68538250  .00079459  00000-0  40949+0 0  9997
2 57804  30.2964  12.8383 8806480 249.7528   7.0981  0.65632966   307
0 H-2A R/B
1 57804U 23137E   23295.68538250  .00079459  00000-0  40949+0 0  9997
2 57804  30.2964  12.8383 8806480 249.7528   7.0981  0.65632966   295
0 H-2A R/B
1 57804U 23137E   23295.68538702 -.00002038  00000-0 -90066-2 0  9998
2 57804  30.2977  12.8469 8804420 249.7237   7.1220  0.65756777   309
0 H-2A R/B
1 57804U 23137E   23295.68538702 -.00002038  00000-0 -90066-2 0  9998
2 57804  30.2977  12.8469 8804420 249.7237   7.1220  0.65756777   297
0 H-2A R/B
1 57804U 23137E   23298.72687900 -.00038118  00000-0 -22041+0 0  9994
2 57804  30.2936  12.5620 8802809 250.1704   6.8945  0.65808803   324
0 H-2A R/B
1 57804U 23137E   23298.72687900 -.00038118  00000-0 -22041+0 0  9994
2 57804  30.2936  12.5620 8802809 250.1704   6.8945  0.65808803   313
0 H-2A R/B
1 57804U 23137E   23300.24726638 -.00133263  00000-0 -81307+0 0  9994
2 57804  30.2942  12.4262 8800457 250.3546   6.7516  0.65957432   321
0 H-2A R/B
1 57804U 23137E   23300.24728353  .00009848  00000-0  58338-1 0  9999
2 57804  30.2924  12.4174 8804361 250.3917   6.7093  0.65742976   339
0 H-2A R/B
1 57804U 23137E   23300.24728353  .00009848  00000-0  58338-1 0  9999
2 57804  30.2924  12.4174 8804361 250.3917   6.7093  0.65742976   328
0 H-2A R/B
1 57804U 23137E   23301.76765293 -.00137018  00000-0 -76286+0 0  9994
2 57804  30.2933  12.2864 8801565 250.5666   6.6065  0.65954263   342
0 H-2A R/B
1 57804U 23137E   23301.76765293 -.00137018  00000-0 -76286+0 0  9994
2 57804  30.2933  12.2864 8801565 250.5666   6.6065  0.65954263   331
0 H-2A R/B
1 57804U 23137E   23301.76770234  .00001961  00000-0  15996-1 0  9993
2 57804  30.2920  12.2773 8806921 250.6083   6.5505  0.65751736   340
0 H-2A R/B
1 57804U 23137E   23301.76770234  .00001961  00000-0  15996-1 0  9993
2 57804  30.2920  12.2773 8806921 250.6083   6.5505  0.65751736   339
0 H-2A R/B
1 57804U 23137E   23303.28842790  .00006236  00000-0  28019-1 0  9999
2 57804  30.2916  12.1370 8809160 250.8398   6.4593  0.65735437   353
0 H-2A R/B
1 57804U 23137E   23303.28842790  .00006236  00000-0  28019-1 0  9999
2 57804  30.2916  12.1370 8809160 250.8398   6.4593  0.65735437   342
0 H-2A R/B
1 57804U 23137E   23304.80959740 -.00005777  00000-0 -16372-1 0  9992
2 57804  30.2930  12.0090 8808814 251.0585   6.4570  0.65750742   365
0 H-2A R/B
1 57804U 23137E   23304.80959740 -.00005777  00000-0 -16372-1 0  9992
2 57804  30.2930  12.0090 8808814 251.0585   6.4570  0.65750742   354
0 H-2A R/B
1 57804U 23137E   23306.33091821  .00009878  00000-0  46147-1 0  9996
2 57804  30.2883  11.8404 8807144 251.3263   6.4899  0.65736253   375
0 H-2A R/B
1 57804U 23137E   23306.33091821  .00009878  00000-0  46147-1 0  9996
2 57804  30.2883  11.8404 8807144 251.3263   6.4899  0.65736253   364
0 H-2A R/B
1 57804U 23137E   23306.33097218  .00003446  00000-0  15740-1 0  9992
2 57804  30.2911  11.8598 8808485 251.2978   6.4833  0.65757764   370
0 H-2A R/B
1 57804U 23137E   23306.33097218  .00003446  00000-0  15740-1 0  9992
2 57804  30.2911  11.8598 8808485 251.2978   6.4833  0.65757764   369
0 H-2A R/B
1 57804U 23137E   23307.85208886 -.00010940  00000-0 -45700-1 0  9993
2 57804  30.2902  11.7123 8806418 251.5329   6.5208  0.65784646   387
0 H-2A R/B
1 57804U 23137E   23307.85208886 -.00010940  00000-0 -45700-1 0  9993
2 57804  30.2902  11.7123 8806418 251.5329   6.5208  0.65784646   376
0 H-2A R/B
1 57804U 23137E   23307.85215324  .00000850  00000-0  64771-2 0  9995
2 57804  30.2874  11.6968 8805543 251.5472   6.5260  0.65766515   381
0 H-2A R/B
1 57804U 23137E   23307.85215324  .00000850  00000-0  64771-2 0  9995
2 57804  30.2874  11.6968 8805543 251.5472   6.5260  0.65766515   370
0 H-2A R/B
1 57804U 23137E   23309.37275106  .00028230  00000-0  13892+0 0  9995
2 57804  30.2873  11.5542 8805973 251.7693   6.5103  0.65730692   395
0 H-2A R/B
1 57804U 23137E   23309.37275106  .00028230  00000-0  13892+0 0  9995
2 57804  30.2873  11.5542 8805973 251.7693   6.5103  0.65730692   384
0 H-2A R/B
1 57804U 23137E   23310.89313269 -.00013778  00000-0 -64694-1 0  9998
2 57804  30.2889  11.4251 8804966 251.9677   6.4665  0.65792274   401
0 H-2A R/B
1 57804U 23137E   23310.89313269 -.00013778  00000-0 -64694-1 0  9998
2 57804  30.2889  11.4251 8804966 251.9677   6.4665  0.65792274   399
0 H-2A R/B
1 57804U 23137E   23312.41324212 -.00000793  00000-0  17118-2 0  9990
2 57804  30.2873  11.2858 8805979 252.1889   6.3615  0.65781288   416
0 H-2A R/B
1 57804U 23137E   23312.41324212 -.00000793  00000-0  17118-2 0  9990
2 57804  30.2873  11.2858 8805979 252.1889   6.3615  0.65781288   405
0 H-2A R/B
1 57804U 23137E   23315.45333579 -.00000508  00000-0  54386-2 0  9995
2 57804  30.2867  11.0044 8807385 252.6360   6.1228  0.65785447   426
0 H-2A R/B
1 57804U 23137E   23315.45333579 -.00000508  00000-0  54386-2 0  9995
2 57804  30.2867  11.0044 8807385 252.6360   6.1228  0.65785447   426
0 H-2A R/B
1 57804U 23137E   23315.45337950 -.00005884  00000-0 -16415-1 0  9995
2 57804  30.2872  11.0027 8807145 252.6352   6.1249  0.65783060   431
0 H-2A R/B
1 57804U 23137E   23315.45337950 -.00005884  00000-0 -16415-1 0  9995
2 57804  30.2872  11.0027 8807145 252.6352   6.1249  0.65783060   420
0 H-2A R/B
1 57804U 23137E   23315.45338017  .00078859  00000-0  30317+0 0  9995
2 57804  30.2863  11.0000 8809446 252.6584   6.1015  0.65668777   433
0 H-2A R/B
1 57804U 23137E   23315.45338017  .00078859  00000-0  30317+0 0  9995
2 57804  30.2863  11.0000 8809446 252.6584   6.1015  0.65668777   422
0 H-2A R/B
1 57804U 23137E   23321.53366733 -.00006098  00000-0 -23946-1 0  9997
2 57804  30.2850  10.4280 8806084 253.5459   6.1218  0.65825632   472
0 H-2A R/B
1 57804U 23137E   23321.53366733 -.00006098  00000-0 -23946-1 0  9997
2 57804  30.2850  10.4280 8806084 253.5459   6.1218  0.65825632   450
0 H-2A R/B
1 57804U 23137E   23323.05323343  .00032093  00000-0  13489+0 0  9997
2 57804  30.2816  10.2706 8807150 253.8016   6.1258  0.65772918   485
0 H-2A R/B
1 57804U 23137E   23323.05323343  .00032093  00000-0  13489+0 0  9997
2 57804  30.2816  10.2706 8807150 253.8016   6.1258  0.65772918   463
0 H-2A R/B
1 57804U 23137E   23326.09139854  .00002588  00000-0  19231-1 0  9995
2 57804  30.2791   9.9837 8804786 254.2543   5.9859  0.65844144   507
0 H-2A R/B
1 57804U 23137E   23326.09139854  .00002588  00000-0  19231-1 0  9995
2 57804  30.2791   9.9837 8804786 254.2543   5.9859  0.65844144   484
0 H-2A R/B
1 57804U 23137E   23344.12045407  .00351881  00000-0  85574+0 0  9993
2 57804  30.2726   8.2268 8798680 257.0827   5.6827  0.66895590   623
0 H-2A R/B
1 57804U 23137E   23344.12045407  .00351881  00000-0  85574+0 0  9993
2 57804  30.2726   8.2268 8798680 257.0827   5.6827  0.66895590   601
0 H-2A R/B
1 57804U 23137E   23347.15400317 -.00001295  00000-0  00000-0 0  9998
2 57804  30.2707   7.9009 8779038 257.5997   2.7277  0.68189514   621
0 H-2A R/B
1 57804U 23137E   23347.15400317 -.00001295  00000-0  00000+0 0  9997
2 57804  30.2707   7.9009 8779038 257.5997   2.7277  0.68189514   621
0 H-2A R/B
1 57804U 23137E   24345.91151023  .00005000  00000-0  28048-2 0  9999
2 57804  29.8047 326.8510 8585738 323.4525   0.9788  0.86454546  3994
0 H-2A R/B
1 57804U 23137E   24345.91151023  .00005000  00000-0  28048-2 0  9999
2 57804  29.8047 326.8510 8585738 323.4525   0.9788  0.86454546  3107
0 H-2A R/B
1 57804U 23137E   24348.21851210  .00004673  00000-0  33962-2 0  9996
2 57804  29.8746 326.4696 8584192 323.7862 359.6661  0.86480424  3999
0 H-2A R/B
1 57804U 23137E   24348.21851210  .00004673  00000-0  33962-2 0  9996
2 57804  29.8746 326.4696 8584192 323.7862 359.6661  0.86480424  3124
0 H-2A R/B
1 57804U 23137E   24353.98483322  .00009784  20862-5  42949-2 0  9997
2 57804  29.8637 325.7804 8585186 324.9091 358.8412  0.86709693  4057
0 H-2A R/B
1 57804U 23137E   24353.98483322  .00009785  20861-5  42949-2 0  9997
2 57804  29.8637 325.7804 8585186 324.9091 358.8412  0.86709693  3179
0 H-2A R/B
1 57804U 23137E   24361.83714529  .00069317  00000-0  89301-1 0  9993
2 57804  29.7878 324.8979 8555982 326.6602 325.2947  0.88347594  4123
0 H-2A R/B
1 57804U 23137E   24361.83714529  .00069317  00000-0  89301-1 0  9993
2 57804  29.7878 324.8979 8555982 326.6602 325.2947  0.88347594  3234
0 H-2A R/B
1 57804U 23137E   24364.10513399  .00070350  43057-5  12214-1 0  9990
2 57804  29.8128 324.5606 8566697 326.9759 331.6133  0.88864336  4145
0 H-2A R/B
1 57804U 23137E   24364.10513399  .00070350  43055-5  12214-1 0  9998
2 57804  29.8128 324.5606 8566697 326.9759 331.6133  0.88864336  3256
0 H-2A R/B
1 57804U 23137E   25003.00000000  .00211024  65637-6  18424-1 0  9993
2 57804  29.7777 323.9967 8550846 328.0463 109.6870  0.90647478  3308
