0 FALCON 9 R/B
1 41553U 16031B   16148.25532959 -.00000515 +00000-0 +00000-0 0  9991
2 41553 021.2051 042.0320 8700038 179.4119 183.7464 00.73748288000000
0 TBA - TO BE ASSIGNED
1 41553U 16031B   16148.25532960 -.00000515  00000-0  00000+0 0  9992
2 41553  21.2051  42.0320 8700038 179.4119 183.7464  0.73748288    00
0 TBA - TO BE ASSIGNED
1 41553U 16031B   16148.97003483 -.00000543  00000-0  00000+0 0  9995
2 41553  21.1229  42.3565 8702127 179.3370  13.3764  0.73152591    06
0 FALCON 9 R/B
1 41553U 16031B   16200.73175066  .00060138  00000-0  49361+0 0  9993
2 41553  21.9360  36.6755 8699967 189.0816 119.6389  0.73857018   387
0 FALCON 9 R/B
1 41553U 16031B   16200.73175066  .00022571  00000-0  32717+0 0  9999
2 41553  22.0189  36.6676 8688742 189.0482 119.5391  0.74036010   382
0 FALCON 9 R/B
1 41553U 16031B   16200.73408626 -.00015002  00000-0 -67987+0 0  9990
2 41553  22.0126  36.7234 8665241 189.1610 119.4462  0.74051863   388
0 FALCON 9 R/B
1 41553U 16031B   16200.73417630  .00051130  00000-0  41253+0 0  9993
2 41553  21.9360  36.6753 8699964 189.0820 120.2561  0.73878084   383
0 FALCON 9 R/B
1 41553U 16031B   16226.32323937 -.00010241  00000-0 -11891+0 0  9997
2 41553  22.2754  34.2878 8692511 193.5006  95.5177  0.74029756   565
0 FALCON 9 R/B
1 41553U 16031B   16233.06170709 -.00011205  00000-0 -11891+0 0  9994
2 41553  22.3267  33.6507 8694465 194.6892  90.3425  0.73969908   629
0 FALCON 9 R/B
1 41553U 16031B   16237.10164768 -.00008200  00000-0 -78204-1 0  9995
2 41553  22.4203  33.3126 8695469 195.3686  86.1775  0.74021336   646
0 FALCON 9 R/B
1 41553U 16031B   16242.49287704  .00001001  00000-0  60015-1 0  9990
2 41553  22.3508  32.7239 8665117 196.2893  82.4732  0.74003506   683
0 FALCON 9 R/B
1 41553U 16031B   16243.84083696 -.00003087 +00000-0 -30026-1 0  9991
2 41553 022.4879 032.6892 8693543 196.5295 081.1140 00.74014819000354
0 FALCON 9 R/B
1 41553U 16031B   16243.84083696 -.00003087  00000-0 -30026-1 0  9991
2 41553  22.4879  32.6892 8693543 196.5295  81.1140  0.74014819   691
0 FALCON 9 R/B
1 41553U 16031B   16245.18788006 -.00000414  00000-0  00000+0 0  9994
2 41553  22.3665  32.4602 8670988 196.7260  80.3801  0.73977755   705
0 FALCON 9 R/B
1 41553U 16031B   16247.88279285  .00035316  00000-0  98776+0 0  9992
2 41553  22.3965  32.2107 8677308 197.1839  78.2224  0.73968409   729
0 FALCON 9 R/B
1 41553U 16031B   16247.88316675 -.00000344  00000-0  50025-3 0  9990
2 41553  22.5175  32.3148 8693818 197.2264  77.8451  0.73998593   721
0 FALCON 9 R/B
1 41553U 16031B   16249.23055764 -.00014125  00000-0 -15195+0 0  9998
2 41553  22.5292  32.1849 8693648 197.4671  76.7620  0.74006016   730
0 FALCON 9 R/B
1 41553U 16031B   16249.23073553 -.00002742  00000-0 -26524-1 0  9996
2 41553  22.5238  32.1854 8693639 197.4620  76.7827  0.74003462   731
0 FALCON 9 R/B
1 41553U 16031B   16250.57812158  .00037332  00000-0  89000+0 0  9994
2 41553  22.4240  31.9602 8680606 197.6672  76.1063  0.73958630   742
0 FALCON 9 R/B
1 41553U 16031B   16250.57832572  .00000023  00000-0  34331-2 0  9993
2 41553  22.5313  32.0564 8693878 197.6974  75.7517  0.73996452   746
0 FALCON 9 R/B
1 41553U 16031B   16250.57839041 -.00002331 +00000-0 -22356-1 0  9990
2 41553 022.5312 032.0569 8693799 197.6963 075.7584 00.74001686000404
0 FALCON 9 R/B
1 41553U 16031B   16250.57839041 -.00002331  00000-0 -22356-1 0  9990
2 41553  22.5312  32.0569 8693799 197.6963  75.7584  0.74001686   741
0 FALCON 9 R/B
1 41553U 16031B   16251.92604056 -.00000245  00000-0  00000+0 0  9997
2 41553  22.4333  31.8328 8680884 197.9148  75.0893  0.73933989   758
0 FALCON 9 R/B
1 41553U 16031B   16253.27435159 -.00004556  00000-0 -45010-1 0  9995
2 41553  22.5503  31.8023 8694582 198.1664  73.8293  0.74011096   764
0 FALCON 9 R/B
1 41553U 16031B   16253.27443765 -.00006880 +00000-0 -69050-1 0  9999
2 41553 022.5504 031.8016 8694483 198.1671 073.8295 00.74019503000421
0 FALCON 9 R/B
1 41553U 16031B   16254.62211479  .00010216  00000-0  10407+0 0  9990
2 41553  22.5580  31.6671 8695396 198.4202  72.8258  0.73988553   772
0 FALCON 9 R/B
1 41553U 16031B   16254.62251243 -.00000873  00000-0 -69275-2 0  9993
2 41553  22.5618  31.6769 8694919 198.4031  72.9096  0.74006249   777
0 FALCON 9 R/B
1 41553U 16031B   16254.62273798 -.00008264 +00000-0 -82254-1 0  9995
2 41553 022.5618 031.6769 8694644 198.4023 072.9220 00.74026531000431
0 FALCON 9 R/B
1 41553U 16031B   16255.97043967 -.00016742  00000-0 -16852+0 0  9996
2 41553  22.5730  31.5471 8694870 198.6427  71.9975  0.74008073   781
0 FALCON 9 R/B
1 41553U 16031B   16255.97044845  .00028586  00000-0  78416+0 0  9993
2 41553  22.4451  31.4335 8677608 198.6306  72.3621  0.73970008   782
0 FALCON 9 R/B
1 41553U 16031B   16258.66596359 -.00000004  00000-0  00000+0 0  9994
2 41553  22.5852  31.2729 8695356 199.1520  69.9173  0.73993144  1935
0 FALCON 9 R/B
1 41553U 16031B   16258.66669963 -.00000302 +00000-0 +00000-0 0  9998
2 41553 022.5946 031.2923 8693086 199.0972 070.2533 00.74110347000462
0 FALCON 9 R/B
1 41553U 16031B   16258.66669963 -.00000302  00000-0  00000+0 0  9997
2 41553  22.5946  31.2923 8693086 199.0972  70.2533  0.74110347   800
0 FALCON 9 R/B
1 41553U 16031B   16258.66678474 -.00018152  00000-0 -19105+0 0  9993
2 41553  22.5931  31.2931 8694046 199.1154  70.1522  0.74011973   805
0 FALCON 9 R/B
1 41553U 16031B   16258.66752262 -.00012858  00000-0 -13770+0 0  9990
2 41553  22.5915  31.2938 8693330 199.1078  70.2051  0.74039133   800
0 FALCON 9 R/B
1 41553U 16031B   16261.36228434 +.00068099 +00000-0 +60151+0 0  9991
2 41553 022.6210 031.0371 8697974 199.5947 067.9958 00.73939348000484
0 FALCON 9 R/B
1 41553U 16031B   16261.36228434  .00068099  00000-0  60151+0 0  9991
2 41553  22.6210  31.0371 8697974 199.5947  67.9958  0.73939348   822
0 FALCON 9 R/B
1 41553U 16031B   16261.36245925 -.00038130  00000-0 -39084+0 0  9991
2 41553  22.6171  31.0354 8694493 199.5798  68.1705  0.74017158   826
0 FALCON 9 R/B
1 41553U 16031B   16261.36249827 -.00007984  00000-0 -67457-1 0  9996
2 41553  22.6220  31.0388 8696794 199.5872  68.0639  0.74018491   823
0 FALCON 9 R/B
1 41553U 16031B   16262.71006927  .00007212  00000-0  58854-1 0  9991
2 41553  22.6473  30.9216 8699276 199.8303  66.9676  0.73989911   833
0 FALCON 9 R/B
1 41553U 16031B   16262.71015825 -.00031471 +00000-0 -28065+0 0  9993
2 41553 022.6379 030.9137 8696754 199.8182 067.0980 00.74004062000491
0 FALCON 9 R/B
1 41553U 16031B   16262.71015825 -.00031471  00000-0 -28065+0 0  9993
2 41553  22.6379  30.9137 8696754 199.8182  67.0980  0.74004062   839
0 FALCON 9 R/B
1 41553U 16031B   16264.05819797 -.00015648  00000-0 -12127+0 0  9992
2 41553  22.6624  30.7994 8698763 200.0627  66.0667  0.73994640   843
0 FALCON 9 R/B
1 41553U 16031B   16265.40628698  .00000001  00000-0  96499-5 0  9995
2 41553  22.6263  30.6482 8696973 200.3172  65.1394  0.73990291  1983
0 FALCON 9 R/B
1 41553U 16031B   16265.40665168 -.00059257 +00000-0 -47769+0 0  9997
2 41553 022.6863 030.6819 8697920 200.3112 065.1912 00.74040663000514
0 FALCON 9 R/B
1 41553U 16031B   16265.40665168 -.00059257  00000-0 -47769+0 0  9997
2 41553  22.6863  30.6819 8697920 200.3112  65.1912  0.74040663   851
0 FALCON 9 R/B
1 41553U 16031B   16265.40672152 -.00012434  00000-0 -96951-1 0  9993
2 41553  22.6843  30.6824 8698506 200.3126  65.1657  0.74002827   857
0 FALCON 9 R/B
1 41553U 16031B   16265.40710981  .00002067  00000-0  21998-1 0  9994
2 41553  22.6852  30.6841 8696915 200.3225  65.1875  0.73996163   854
0 FALCON 9 R/B
1 41553U 16031B   16266.75447844  .00000004  00000-0  34773-4 0  9995
2 41553  22.6367  30.5085 8695723 200.5799  64.2886  0.73992951  1997
0 FALCON 9 R/B
1 41553U 16031B   16266.75558191 -.00033017 +00000-0 -29833+0 0  9991
2 41553 022.6988 030.5582 8696306 200.5560 064.4128 00.74027162000525
0 FALCON 9 R/B
1 41553U 16031B   16266.75558191 -.00033017  00000-0 -29833+0 0  9991
2 41553  22.6988  30.5582 8696306 200.5560  64.4128  0.74027162   862
0 FALCON 9 R/B
1 41553U 16031B   16268.10437671  .00011711  00000-0  12422+0 0  9992
2 41553  22.7033  30.4215 8695038 200.8082  63.6205  0.73988757   872
0 FALCON 9 R/B
1 41553U 16031B   16268.10442009 -.00050785 +00000-0 -50930+0 0  9995
2 41553 022.7085 030.4287 8694531 200.7905 063.6983 00.74045352000530
0 FALCON 9 R/B
1 41553U 16031B   16268.10445753 -.00011116  00000-0 -10868+0 0  9995
2 41553  22.7077  30.4293 8694862 200.7954  63.6698  0.74010726   876
0 FALCON 9 R/B
1 41553U 16031B   16268.10495024 -.00006657  00000-0 -64853-1 0  9990
2 41553  22.7072  30.4315 8694330 200.7885  63.7135  0.74023955   874
0 FALCON 9 R/B
1 41553U 16031B   16269.45295322  .00018518  00000-0  18823+0 0  9999
2 41553  22.7152  30.2961 8695610 201.0415  62.8171  0.73985196   887
0 FALCON 9 R/B
1 41553U 16031B   16269.45304728 -.00024451  00000-0 -24914+0 0  9993
2 41553  22.7179  30.3008 8694393 201.0284  62.9022  0.74019559   888
0 FALCON 9 R/B
1 41553U 16031B   16269.45312839 -.00001988  00000-0 -14661-1 0  9995
2 41553  22.7149  30.2970 8695160 201.0374  62.8465  0.74011998   884
0 FALCON 9 R/B
1 41553U 16031B   16269.45312846 -.00001988 +00000-0 -14661-1 0  9993
2 41553 022.7149 030.2970 8695159 201.0374 062.8465 00.74011999000546
0 FALCON 9 R/B
1 41553U 16031B   16270.80064241 -.00000003  00000-0  00000+0 0  9993
2 41553  22.6694  30.1291 8696151 201.3031  61.8301  0.73990741  2024
0 FALCON 9 R/B
1 41553U 16031B   16270.80064646 -.00000002  00000-0  00000+0 0  9991
2 41553  22.6694  30.1276 8696233 201.3024  61.8322  0.73990677  2021
0 FALCON 9 R/B
1 41553U 16031B   16270.80185405 -.00007620  00000-0 -67509-1 0  9991
2 41553  22.7302  30.1798 8695519 201.2584  62.0560  0.74026217   894
0 FALCON 9 R/B
1 41553U 16031B   16272.14962712 -.00059616  00000-0 -56524+0 0  9999
2 41553  22.7414  30.0484 8695314 201.4955  61.1944  0.74048620   906
0 FALCON 9 R/B
1 41553U 16031B   16272.14974524 -.00000682  00000-0 -12588-4 0  9999
2 41553  22.7378  30.0459 8696349 201.5092  61.1147  0.74007874   900
0 FALCON 9 R/B
1 41553U 16031B   16273.49769779 -.00063522  00000-0 -57935+0 0  9994
2 41553  22.7470  29.9160 8695854 201.7414  60.2625  0.74053323   911
0 FALCON 9 R/B
1 41553U 16031B   16273.49777298  .00006393  00000-0  65621-1 0  9993
2 41553  22.7457  29.9152 8696553 201.7545  60.1969  0.73993078   918
0 FALCON 9 R/B
1 41553U 16031B   16273.49789044  .00000589  00000-0  12011-1 0  9991
2 41553  22.7456  29.9151 8696382 201.7538  60.2052  0.74005235   912
0 FALCON 9 R/B
1 41553U 16031B   16274.84593561 -.00019272  00000-0 -17312+0 0  9996
2 41553  22.7545  29.7863 8696180 201.9917  59.3314  0.74013330   924
0 FALCON 9 R/B
1 41553U 16031B   16276.19422265 -.00027434  00000-0 -25276+0 0  9995
2 41553  22.7601  29.6527 8695874 202.2359  58.4732  0.74022564   930
0 FALCON 9 R/B
1 41553U 16031B   16276.19423031 -.00004159  00000-0 -33063-1 0  9991
2 41553  22.7606  29.6530 8696127 202.2389  58.4546  0.74001977   932
0 FALCON 9 R/B
1 41553U 16031B   16277.54263953 -.00001281 +00000-0 -64459-2 0  9993
2 41553 022.7621 029.5129 8695965 202.4858 057.6316 00.74001316000601
0 FALCON 9 R/B
1 41553U 16031B   16277.54263953 -.00001281  00000-0 -64459-2 0  9993
2 41553  22.7621  29.5129 8695965 202.4858  57.6316  0.74001316   948
0 FALCON 9 R/B
1 41553U 16031B   16277.54264360 -.00045834  00000-0 -43232+0 0  9991
2 41553  22.7653  29.5168 8695464 202.4775  57.6725  0.74040481   948
0 FALCON 9 R/B
1 41553U 16031B   16277.54264603 -.00076600 +00000-0 -72539+0 0  9998
2 41553 022.7653 029.5168 8695130 202.4717 057.7018 00.74069898000606
0 FALCON 9 R/B
1 41553U 16031B   16277.54264603 -.00076600  00000-0 -72539+0 0  9998
2 41553  22.7653  29.5168 8695130 202.4717  57.7018  0.74069898   943
0 FALCON 9 R/B
1 41553U 16031B   16278.89127191  .00076615  00000-0  37137+0 0  9996
2 41553  22.7104  29.2976 8706559 202.6537  57.3894  0.73912272   959
0 FALCON 9 R/B
1 41553U 16031B   16280.23995458 -.00014394  00000-0 -13019+0 0  9997
2 41553  22.7789  29.2494 8696096 202.9683  56.1469  0.74011666   966
0 FALCON 9 R/B
1 41553U 16031B   16280.23997143 -.00000517  00000-0  00000+0 0  9997
2 41553  22.7792  29.2492 8694109 202.9308  56.3282  0.74199242   967
0 FALCON 9 R/B
1 41553U 16031B   16280.24013600  .00000000  00000-0  00000+0 0  9991
2 41553  22.7406  29.2345 8697125 202.9928  55.9907  0.73991735  2096
0 FALCON 9 R/B
1 41553U 16031B   16281.58524558 -.00000494  00000-0  00000+0 0  9996
2 41553  22.7855  29.1083 8698390 203.2315  54.4461  0.73999971   986
0 FALCON 9 R/B
1 41553U 16031B   16281.58873703  .00026942  00000-0  24073+0 0  9996
2 41553  22.7887  29.1174 8697547 203.2184  55.3891  0.73975422   981
0 FALCON 9 R/B
1 41553U 16031B   16281.58915273 -.00007931  00000-0 -66018-1 0  9991
2 41553  22.7886  29.1181 8696704 203.2138  55.4317  0.74030906   985
0 FALCON 9 R/B
1 41553U 16031B   16282.93767424 -.00069844  00000-0 -61352+0 0  9999
2 41553  22.7981  28.9877 8696315 203.4455  54.7960  0.74067338   998
0 FALCON 9 R/B
1 41553U 16031B   16284.28654847 -.00027027  00000-0 -23553+0 0  9991
2 41553  22.8075  28.8580 8696702 203.6985  54.0584  0.74029839  1005
0 FALCON 9 R/B
1 41553U 16031B   16285.63530373 -.00000002  00000-0  00000+0 0  9993
2 41553  22.8073  28.7333 8697199 203.9340  53.3054  0.73997930  2131
0 FALCON 9 R/B
1 41553U 16031B   16285.63578836 -.00004918  00000-0 -41988-1 0  9992
2 41553  22.8141  28.7231 8695463 203.9486  53.3522  0.74027038  1017
0 FALCON 9 R/B
1 41553U 16031B   16286.98423482 -.00003218  00000-0 -24703-1 0  9995
2 41553  22.8227  28.5892 8695627 204.1929  52.5775  0.74024346  1021
0 FALCON 9 R/B
1 41553U 16031B   16288.33238119  .00005414  00000-0  52505-1 0  9996
2 41553  22.8375  28.4637 8697465 204.4295  51.7478  0.74007653  1025
0 FALCON 9 R/B
1 41553U 16031B   16288.33242249 -.00014193  00000-0 -12976+0 0  9997
2 41553  22.8316  28.4591 8695675 204.4306  51.8020  0.74015867  1023
0 FALCON 9 R/B
1 41553U 16031B   16289.68072722 -.00014032 +00000-0 -11545+0 0  9996
2 41553 022.8468 028.3320 8697327 204.6711 050.9798 00.74008422000691
0 FALCON 9 R/B
1 41553U 16031B   16289.68072722 -.00014032  00000-0 -11545+0 0  9996
2 41553  22.8468  28.3320 8697327 204.6711  50.9798  0.74008422  1030
0 FALCON 9 R/B
1 41553U 16031B   16291.02922295 -.00000700  00000-0  00000+0 0  9996
2 41553  22.8718  28.2118 8697834 204.8953  50.2889  0.74154405  1043
0 FALCON 9 R/B
1 41553U 16031B   16292.37811135 -.00034880  00000-0 -24140+0 0  9993
2 41553  22.8899  28.0925 8699932 205.1797  49.4536  0.74039871  1057
0 FALCON 9 R/B
1 41553U 16031B   16295.07679103 -.00099188  00000-0 -89252+0 0  9997
2 41553  22.9106  27.8295 8695210 205.6731  48.4302  0.74129002  1072
0 FALCON 9 R/B
1 41553U 16031B   16295.07700491 -.00002481  00000-0 -17752-1 0  9990
2 41553  22.9096  27.8238 8695078 205.6921  48.3867  0.74032560  1077
0 FALCON 9 R/B
1 41553U 16031B   16297.77452614 -.00014075  00000-0 -12626+0 0  9995
2 41553  22.9250  27.5601 8695521 206.1753  47.2042  0.74038152  1090
0 FALCON 9 R/B
1 41553U 16031B   16297.77459398  .00003886  00000-0  42649-1 0  9997
2 41553  22.9264  27.5597 8696499 206.1789  47.1654  0.74027496  1090
0 FALCON 9 R/B
1 41553U 16031B   16299.12309632 -.00011534  00000-0 -96343-1 0  9994
2 41553  22.9344  27.4286 8696293 206.4197  46.5355  0.74037317  1107
0 FALCON 9 R/B
1 41553U 16031B   16299.12314411 -.00000915  00000-0  00000+0 0  9998
2 41553  22.9354  27.4285 8693912 206.3803  46.7087  0.74251049  1109
0 FALCON 9 R/B
1 41553U 16031B   16300.47158289 -.00006452  00000-0 -48383-1 0  9999
2 41553  22.9431  27.2955 8696764 206.6691  45.8426  0.74035991  1117
0 FALCON 9 R/B
1 41553U 16031B   16300.47167427  .00001188  00000-0  18776-1 0  9995
2 41553  22.9427  27.2913 8696900 206.6781  45.8178  0.74032293  1114
0 FALCON 9 R/B
1 41553U 16031B   16301.82009082 +.00001428 +00000-0 +21267-1 0  9993
2 41553 022.9480 027.1537 8696570 206.9308 045.1456 00.74033436000789
0 FALCON 9 R/B
1 41553U 16031B   16301.82009082  .00001428  00000-0  21267-1 0  9993
2 41553  22.9480  27.1537 8696570 206.9308  45.1456  0.74033436  1128
0 FALCON 9 R/B
1 41553U 16031B   16303.16846668 +.00087366 +00000-0 +78350+0 0  9999
2 41553 022.9540 027.0187 8697667 207.1938 044.4315 00.73951270000797
0 FALCON 9 R/B
1 41553U 16031B   16303.16846668  .00087366  00000-0  78350+0 0  9999
2 41553  22.9540  27.0187 8697667 207.1938  44.4315  0.73951270  1136
0 FALCON 9 R/B
1 41553U 16031B   16303.16849881 +.00003269 +00000-0 +38420-1 0  9995
2 41553 022.9538 027.0142 8696141 207.1840 044.5023 00.74034163001133
0 FALCON 9 R/B
1 41553U 16031B   16303.16853568 -.00003838  00000-0 -26353-1 0  9998
2 41553  22.9565  27.0225 8696358 207.1752  44.5150  0.74041472  1139
0 FALCON 9 R/B
1 41553U 16031B   16304.51698277 +.00003265 +00000-0 +38478-1 0  9995
2 41553 022.9591 026.8764 8695822 207.4327 043.9096 00.74040672001143
0 FALCON 9 R/B
1 41553U 16031B   16305.86555121  .00001155  00000-0  18157-1 0  9992
2 41553  22.9657  26.7386 8695710 207.6826  43.3578  0.74054729  1155
0 FALCON 9 R/B
1 41553U 16031B   16311.25888915  .00003895  00000-0  38420-1 0  9990
2 41553  22.9999  26.2062 8696888 208.6671  41.3063  0.74086063  1205
0 FALCON 9 R/B
1 41553U 16031B   16311.25925592 -.00000690  00000-0  00000+0 0  9995
2 41553  22.9982  26.2045 8699635 208.7186  41.2299  0.73854971  1203
0 FALCON 9 R/B
1 41553U 16031B   16311.25963995 +.00003750 +00000-0 +40549-1 0  9997
2 41553 022.9976 026.2017 8695603 208.6827 041.4278 00.74085773000853
0 FALCON 9 R/B
1 41553U 16031B   16311.25963995  .00003750  00000-0  40549-1 0  9997
2 41553  22.9976  26.2017 8695603 208.6827  41.4278  0.74085773  1203
0 FALCON 9 R/B
1 41553U 16031B   16313.95552216 -.00000777  00000-0  00000+0 0  9999
2 41553  23.0099  25.9308 8699038 209.2279  40.1746  0.73824717  1219
0 FALCON 9 R/B
1 41553U 16031B   16315.30358013 -.00000822 +00000-0 +00000-0 0  9991
2 41553 023.0179 025.7944 8691338 209.3849 040.0188 00.74317624000887
0 FALCON 9 R/B
1 41553U 16031B   16315.30358013 -.00000822  00000-0  00000+0 0  9990
2 41553  23.0179  25.7944 8691338 209.3849  40.0188  0.74317624  1226
0 FALCON 9 R/B
1 41553U 16031B   16316.65113573 -.00000852  00000-0  00000+0 0  9992
2 41553  23.0330  25.6671 8699692 209.7042  39.0593  0.73987868  1232
0 FALCON 9 R/B
1 41553U 16031B   16319.34647203 -.00007318  00000-0 -49167-1 0  9997
2 41553  23.0579  25.4067 8697862 210.1810  38.1523  0.74133732  1259
0 FALCON 9 R/B
1 41553U 16031B   16320.69437071 -.00001312 +00000-0 -46126-2 0  9998
2 41553 023.0699 025.2776 8696294 210.4562 037.7383 00.74141744000926
0 FALCON 9 R/B
1 41553U 16031B   16320.69437071 -.00001312  00000-0 -46126-2 0  9998
2 41553  23.0699  25.2776 8696294 210.4562  37.7383  0.74141744  1264
0 FALCON 9 R/B
1 41553U 16031B   16320.69487954  .00001624  00000-0  21811-1 0  9990
2 41553  23.0689  25.2702 8694681 210.4652  37.7671  0.74159751  1267
0 FALCON 9 R/B
1 41553U 16031B   16322.04195243 -.00000757 +00000-0 +00000-0 0  9991
2 41553 023.0757 025.1378 8697518 210.7598 037.2273 00.73907743001270
0 FALCON 9 R/B
1 41553U 16031B   16322.04206179 -.00028177  00000-0 -25386+0 0  9992
2 41553  23.0766  25.1391 8694042 210.7056  37.4297  0.74198729  1278
0 FALCON 9 R/B
1 41553U 16031B   16323.38938525 -.00078485 +00000-0 -80709+0 0  9994
2 41553 023.0811 024.9970 8691542 210.9455 037.1431 00.74257694001281
0 FALCON 9 R/B
1 41553U 16031B   16323.38939737  .00007172  00000-0  84723-1 0  9995
2 41553  23.0807  24.9931 8692341 210.9625  37.0876  0.74161009  1286
0 FALCON 9 R/B
1 41553U 16031B   16323.38957089 -.00002305  00000-0 -16120-1 0  9996
2 41553  23.0809  24.9921 8692060 210.9618  37.0967  0.74180808  1286
0 FALCON 9 R/B
1 41553U 16031B   16324.73633709 -.00012526 +00000-0 -12453+0 0  9995
2 41553 023.0871 024.8606 8691997 211.2016 036.7114 00.74183910000958
0 FALCON 9 R/B
1 41553U 16031B   16324.73633709 -.00012526  00000-0 -12453+0 0  9995
2 41553  23.0871  24.8606 8691997 211.2016  36.7114  0.74183910  1296
0 FALCON 9 R/B
1 41553U 16031B   16324.73656100 -.00004469  00000-0 -37014-1 0  9994
2 41553  23.0896  24.8588 8692512 211.2057  36.6883  0.74191852  1297
0 FALCON 9 R/B
1 41553U 16031B   16326.08319456 -.00001638  00000-0 -69216-2 0  9999
2 41553  23.0978  24.7257 8693144 211.4537  36.2279  0.74186780  1308
0 FALCON 9 R/B
1 41553U 16031B   16327.42958315 -.00013424  00000-0 -12378+0 0  9991
2 41553  23.1037  24.5939 8693043 211.6950  35.7730  0.74189470  1315
0 FALCON 9 R/B
1 41553U 16031B   16327.42964556  .00008848  00000-0  96272-1 0  9994
2 41553  23.1045  24.5909 8693530 211.7043  35.7416  0.74169635  1318
0 FALCON 9 R/B
1 41553U 16031B   16327.42981082 -.00003014  00000-0 -20007-1 0  9992
2 41553  23.1046  24.5899 8693167 211.7057  35.7489  0.74192095  1314
0 FALCON 9 R/B
1 41553U 16031B   16328.77612287  .00008125  00000-0  91204-1 0  9992
2 41553  23.1094  24.4529 8693148 211.9582  35.2657  0.74172314  1325
0 FALCON 9 R/B
1 41553U 16031B   16331.46907603  .00002282  00000-0  33911-1 0  9990
2 41553  23.1180  24.1730 8691798 212.4638  34.4090  0.74193237  1340
0 FALCON 9 R/B
1 41553U 16031B   16331.46913870  .00001565  00000-0  25578-1 0  9996
2 41553  23.1193  24.1818 8692179 212.4545  34.4163  0.74193782  1348
0 FALCON 9 R/B
1 41553U 16031B   16332.81553735 +.00002299 +00000-0 +33713-1 0  9991
2 41553 023.1229 024.0348 8691531 212.7121 034.0405 00.74199630001016
0 FALCON 9 R/B
1 41553U 16031B   16332.81557137  .00000392  00000-0  12999-1 0  9996
2 41553  23.1230  24.0343 8691469 212.7136  34.0395  0.74203841  1354
0 FALCON 9 R/B
1 41553U 16031B   16334.16213893 -.00001557  00000-0 -89414-2 0  9997
2 41553  23.1289  23.8987 8691340 212.9603  33.7118  0.74215864  1366
0 FALCON 9 R/B
1 41553U 16031B   16336.85537088 -.00005468  00000-0 -51573-1 0  9999
2 41553  23.1420  23.6288 8691338 213.4573  33.1165  0.74240772  1388
0 FALCON 9 R/B
1 41553U 16031B   16338.20166879  .00002425  00000-0  33042-1 0  9995
2 41553  23.1483  23.4943 8691201 213.7089  32.8137  0.74223903  1390
0 FALCON 9 R/B
1 41553U 16031B   16339.54784153 -.00006927  00000-0 -68733-1 0  9992
2 41553  23.1525  23.3633 8691096 213.9481  32.5021  0.74232275  1405
0 FALCON 9 R/B
1 41553U 16031B   16340.89408143  .00015488  00000-0  19317+0 0  9996
2 41553  23.1553  23.2187 8689919 214.2101  32.1383  0.74203585  1413
0 FALCON 9 R/B
1 41553U 16031B   16346.27800848 -.00019727  00000-0 -19041+0 0  9998
2 41553  23.1868  22.6888 8692466 215.1858  30.5548  0.74232135  1455
0 FALCON 9 R/B
1 41553U 16031B   16346.27830049  .00000623  00000-0  11985-1 0  9998
2 41553  23.1917  22.6940 8693577 215.2006  30.5033  0.74230720  1456
0 FALCON 9 R/B
1 41553U 16031B   16346.27834564 -.00002696  00000-0 -18958-1 0  9995
2 41553  23.1916  22.6944 8693456 215.2014  30.5051  0.74236987  1455
0 FALCON 9 R/B
1 41553U 16031B   16347.62495953  .00001942  00000-0  26594-1 0  9996
2 41553  23.1969  22.5575 8691843 215.4691  30.2367  0.74228554  1462
0 FALCON 9 R/B
1 41553U 16031B   16350.31809248 -.00002237  00000-0 -20348-1 0  9993
2 41553  23.2033  22.2827 8689006 215.9685  29.8280  0.74240486  1486
0 FALCON 9 R/B
1 41553U 16031B   16351.66448018  .00020994  00000-0  28440+0 0  9993
2 41553  23.2095  22.1456 8688244 216.2113  29.5881  0.74212840  1492
0 FALCON 9 R/B
1 41553U 16031B   16353.01084567 -.00004970  00000-0 -54885-1 0  9991
2 41553  23.2160  22.0142 8688107 216.4476  29.3018  0.74255185  1509
0 FALCON 9 R/B
1 41553U 16031B   16354.35672190  .00001970  00000-0  34209-1 0  9997
2 41553  23.2213  21.8815 8688664 216.6927  28.9532  0.74239662  1512
0 FALCON 9 R/B
1 41553U 16031B   16355.70251299 -.00009865  00000-0 -11503+0 0  9993
2 41553  23.2253  21.7491 8688493 216.9341  28.6148  0.74247708  1529
0 FALCON 9 R/B
1 41553U 16031B   16355.70272267 -.00002596  00000-0 -23583-1 0  9998
2 41553  23.2250  21.7474 8688239 216.9412  28.6083  0.74246181  1526
0 FALCON 9 R/B
1 41553U 16031B   16357.04862504 -.00000586  00000-0  18262-2 0  9991
2 41553  23.2280  21.6109 8687749 217.1885  28.2769  0.74239091  1535
0 FALCON 9 R/B
1 41553U 16031B   16358.39459444  .00003339  00000-0  54859-1 0  9994
2 41553  23.2303  21.4742 8687316 217.4327  27.9778  0.74229236  1543
0 FALCON 9 R/B
1 41553U 16031B   16359.74080511 -.00000544 +00000-0 +47509-3 0  9991
2 41553 023.2337 021.3376 8686850 217.6759 027.7184 00.74236948001216
0 FALCON 9 R/B
1 41553U 16031B   16361.08711159 -.00001159  00000-0 -93645-2 0  9995
2 41553  23.2376  21.2053 8686690 217.9153  27.4951  0.74237792  1568
0 FALCON 9 R/B
1 41553U 16031B   16361.08713187 -.00001955  00000-0 -20490-1 0  9999
2 41553  23.2368  21.2056 8686811 217.9169  27.4932  0.74237434  1566
0 FALCON 9 R/B
1 41553U 16031B   16363.78000282 -.00004957 +00000-0 -64596-1 0  9993
2 41553 023.2454 020.9402 8686739 218.3963 027.1103 00.74241812001246
0 FALCON 9 R/B
1 41553U 16031B   16363.78000282 -.00004957  00000-0 -64596-1 0  9993
2 41553  23.2454  20.9402 8686739 218.3963  27.1103  0.74241812  1583
0 FALCON 9 R/B
1 41553U 16031B   16365.12646878 -.00008274  00000-0 -11130+0 0  9990
2 41553  23.2497  20.8089 8686767 218.6356  26.9161  0.74245905  1599
0 FALCON 9 R/B
1 41553U 16031B   16365.12647314 -.00050470 +00000-0 -69843+0 0  9995
2 41553 023.2503 020.8091 8686271 218.6273 026.9365 00.74294488001257
0 FALCON 9 R/B
1 41553U 16031B   16365.12647487 -.00050431  00000-0 -69960+0 0  9993
2 41553  23.2503  20.8089 8686230 218.6286  26.9358  0.74294382  1595
0 FALCON 9 R/B
1 41553U 16031B   16365.12655760  .00006387  00000-0  94242-1 0  9998
2 41553  23.2507  20.8102 8686922 218.6358  26.9099  0.74230366  1597
0 FALCON 9 R/B
1 41553U 16031B   16365.12669461  .00000160  00000-0  68839-2 0  9998
2 41553  23.2510  20.8110 8686652 218.6346  26.9171  0.74244293  1592
0 FALCON 9 R/B
1 41553U 16031B   16366.47290594 -.00027271  00000-0 -38087+0 0  9997
2 41553  23.2540  20.6784 8686345 218.8717  26.7081  0.74268169  1601
0 FALCON 9 R/B
1 41553U 16031B   17003.16541788 -.00046518  00000-0 -70640+0 0  9992
2 41553  23.2594  20.4094 8684667 219.3503  26.1853  0.74291496  1628
0 FALCON 9 R/B
1 41553U 16031B   17004.51146390 -.00004429  00000-0 -63200-1 0  9993
2 41553  23.2614  20.2746 8684824 219.5949  25.8570  0.74243074  1636
0 FALCON 9 R/B
1 41553U 16031B   17004.51150158  .00006258  00000-0  10088+0 0  9994
2 41553  23.2629  20.2767 8685584 219.5899  25.8439  0.74231269  1630
0 FALCON 9 R/B
1 41553U 16031B   17004.51164015 -.00005234 +00000-0 -73642-1 0  9993
2 41553 023.2631 020.2764 8685235 219.5888 025.8524 00.74251737001290
0 FALCON 9 R/B
1 41553U 16031B   17004.51164015 -.00005234  00000-0 -73642-1 0  9993
2 41553  23.2631  20.2764 8685235 219.5888  25.8524  0.74251737  1638
0 FALCON 9 R/B
1 41553U 16031B   17005.85763977 -.00006734  00000-0 -86476-1 0  9998
2 41553  23.2694  20.1483 8687108 219.8258  25.5049  0.74253105  1640
0 FALCON 9 R/B
1 41553U 16031B   17007.20382387 -.00001565  00000-0 -14784-1 0  9991
2 41553  23.2760  20.0226 8688927 220.0732  25.1874  0.74239959  1653
0 FALCON 9 R/B
1 41553U 16031B   17011.24398474 -.00003344 +00000-0 -45111-1 0  9999
2 41553 023.2821 019.6158 8686062 220.8353 024.6512 00.74245986001340
0 FALCON 9 R/B
1 41553U 16031B   17011.24398474 -.00003344  00000-0 -45111-1 0  9999
2 41553  23.2821  19.6158 8686062 220.8353  24.6512  0.74245986  1687
0 FALCON 9 R/B
1 41553U 16031B   17012.59069609 -.00010782  00000-0 -17160+0 0  9998
2 41553  23.2833  19.4789 8683954 221.0750  24.5116  0.74253862  1691
0 FALCON 9 R/B
1 41553U 16031B   17012.59083098  .00009804  00000-0  30223+0 0  9992
2 41553  23.3038  19.5410 8672478 221.2315  23.8214  0.74223537  1696
0 FALCON 9 R/B
1 41553U 16031B   17013.93709650 -.00043279  00000-0 -72333+0 0  9994
2 41553  23.2862  19.3476 8682980 221.2994  24.3224  0.74289193  1701
0 FALCON 9 R/B
1 41553U 16031B   17013.93748628 -.00004349  00000-0 -66403-1 0  9990
2 41553  23.2872  19.3541 8683575 221.2928  24.3154  0.74262099  1701
0 FALCON 9 R/B
1 41553U 16031B   17015.28352580  .00000764  00000-0  19136-1 0  9994
2 41553  23.2925  19.2237 8684120 221.5350  24.0370  0.74247042  1719
0 FALCON 9 R/B
1 41553U 16031B   17019.32191746  .00001748  00000-0  35333-1 0  9998
2 41553  23.2950  18.8312 8683839 222.2382  23.2215  0.74235539  1745
0 FALCON 9 R/B
1 41553U 16031B   17020.66825871 -.00000302  00000-0  00000+0 0  9997
2 41553  23.3162  18.7538 8672820 222.5924  22.4769  0.74179026  1757
0 FALCON 9 R/B
1 41553U 16031B   17020.66825989 -.00000302  00000-0  00000+0 0  9997
2 41553  23.3161  18.7537 8672788 222.5923  22.4777  0.74179996  1752
0 FALCON 9 R/B
1 41553U 16031B   17023.36119960  .00002949  00000-0  53394-1 0  9996
2 41553  23.3027  18.4367 8683275 222.9450  22.6565  0.74231948  1778
0 FALCON 9 R/B
1 41553U 16031B   17023.36131266  .00000074  00000-0  38226-2 0  9994
2 41553  23.3016  18.4414 8683402 222.9337  22.6643  0.74240630  1770
0 FALCON 9 R/B
1 41553U 16031B   17024.70787086 -.00000090  00000-0  00000+0 0  9995
2 41553  23.3046  18.3075 8681777 223.1557  22.5626  0.74375711  1785
0 FALCON 9 R/B
1 41553U 16031B   17024.70797454 -.00000093  00000-0  00000+0 0  9998
2 41553  23.3067  18.3312 8666399 223.3522  21.9000  0.74177831  1781
0 FALCON 9 R/B
1 41553U 16031B   17026.05457224 +.00020330 +00000-0 +95669+0 0  9996
2 41553 023.3003 018.1769 8662545 223.5987 021.7524 00.74200265001799
0 FALCON 9 R/B
1 41553U 16031B   17027.39592419 -.00000031  00000-0  00000+0 0  9992
2 41553  23.3333  18.1517 8683331 223.5508  20.7482  0.74226769  1813
0 FALCON 9 R/B
1 41553U 16031B   17028.33076133 -.00000037 +00000-0 +00000-0 0  9994
2 41553 023.3344 018.0585 8683326 223.7190 270.5275 00.74226768001816
0 FALCON 9 R/B
1 41553U 16031B   17030.09397303 -.00008981 +00000-0 -51274+0 0  9990
2 41553 023.2953 017.7632 8656751 224.2582 021.2810 00.74253903001483
0 FALCON 9 R/B
1 41553U 16031B   17030.09397318 -.00008981  00000-0 -51275+0 0  9997
2 41553  23.2953  17.7633 8656752 224.2581  21.2810  0.74253900  1830
0 FALCON 9 R/B
1 41553U 16031B   17030.09420125 +.00002105 +00000-0 +40206-1 0  9994
2 41553 023.3118 017.7900 8681961 224.1040 021.7662 00.74241441001837
0 FALCON 9 R/B
1 41553U 16031B   17031.44015068  .00017515  00000-0  94981+0 0  9998
2 41553  23.2993  17.6352 8658871 224.4619  21.0645  0.74222900  1840
0 FALCON 9 R/B
1 41553U 16031B   17031.44309876 -.00028498  00000-0 -51275+0 0  9994
2 41553  23.3291  17.6388 8682920 224.3897  22.2283  0.74189419  1848
0 FALCON 9 R/B
1 41553U 16031B   17032.38764466  .00002409  00000-0  40206-1 0  9994
2 41553  23.3391  17.5335 8684613 224.5480 274.7687  0.74256016  1841
0 FALCON 9 R/B
1 41553U 16031B   17035.47943458  .00002163  00000-0  32200-1 0  9999
2 41553  23.3191  17.2776 8686619 225.0453  20.6673  0.74235514  1864
0 FALCON 9 R/B
1 41553U 16031B   17035.47948773 -.00000348 +00000-0 -35407-2 0  9992
2 41553 023.3190 017.2779 8686529 225.0451 020.6692 00.74241413001523
0 FALCON 9 R/B
1 41553U 16031B   17036.82596271 -.00016877  00000-0 -24053+0 0  9990
2 41553  23.3204  17.1414 8686361 225.2914  20.5063  0.74250277  1871
0 FALCON 9 R/B
1 41553U 16031B   17036.82609150 -.00000055 +00000-0 +00000-0 0  9998
2 41553 023.2978 017.0972 8662679 225.4712 020.1511 00.74140180001875
0 FALCON 9 R/B
1 41553U 16031B   17039.51994008  .00008888  00000-0  61956+0 0  9993
2 41553  23.2847  16.7921 8652326 225.9667  19.9429  0.74221107  1897
0 FALCON 9 R/B
1 41553U 16031B   17040.86643622 -.00007382  00000-0 -50063+0 0  9993
2 41553  23.2852  16.6589 8651929 226.1764  19.7844  0.74258924  1909
0 FALCON 9 R/B
1 41553U 16031B   17042.21274264  .00006972  00000-0  52689+0 0  9994
2 41553  23.2839  16.5173 8650536 226.3853  19.6462  0.74236206  1911
0 FALCON 9 R/B
1 41553U 16031B   17043.55897512  .00012246  00000-0  86292+0 0  9997
2 41553  23.2866  16.3911 8652316 226.5922  19.4545  0.74229546  1926
0 FALCON 9 R/B
1 41553U 16031B   17048.94452151 -.00024741  00000-0 -43334+0 0  9996
2 41553  23.3197  15.9502 8682458 227.4061  18.7262  0.74266028  1967
0 FALCON 9 R/B
1 41553U 16031B   17048.94454881 -.00000735  00000-0 -10725-1 0  9995
2 41553  23.3206  15.9543 8682541 227.4036  18.7279  0.74237897  1968
0 FALCON 9 R/B
1 41553U 16031B   17050.08006736 -.00000771  00000-0 -10725-1 0  9995
2 41553  23.3053  15.7982 8681877 227.9910 321.5167  0.74495393  1979
0 FALCON 9 R/B
1 41553U 16031B   17063.68545561  .00000000  00000-0  00000+0 0  9995
2 41553  23.3903  14.5672 8716857 229.3500  16.3998  0.74511813  2073
0 FALCON 9 R/B
1 41553U 16031B   17063.75660126 -.00041047 +00000-0 -55398+0 0  9996
2 41553 023.3209 014.5052 8687061 229.9917 016.6167 00.74270241001736
0 FALCON 9 R/B
1 41553U 16031B   17063.75660126 -.00041047  00000-0 -55398+0 0  9996
2 41553  23.3209  14.5052 8687061 229.9917  16.6167  0.74270241  2074
0 FALCON 9 R/B
1 41553U 16031B   18004.33429811 -.00000722  00000-0  00000+0 0  9994
2 41553  23.1036 340.9435 8687153 288.3499   3.7567  0.74051773  4347
0 FALCON 9 R/B
1 41553U 16031B   18024.59147309 -.00000570  00000-0  00000+0 0  9994
2 41553  23.0887 338.9941 8672323 291.9993   2.9663  0.74041672  4492
0 FALCON 9 R/B
1 41553U 16031B   18038.10050859 -.00000576  00000-0  00000+0 0  9995
2 41553  23.0982 337.5218 8671108 294.4021  42.3381  0.74866917  4593
0 FALCON 9 R/B
1 41553U 16031B   18132.79204340 -.00000422  00000-0  00000+0 0  9991
2 41553  22.8892 328.5464 8683500 310.9154 198.1483  0.74341194  5301
0 FALCON 9 R/B
1 41553U 16031B   18134.74577745 -.00001656  00000-0 -15432-1 0  9998
2 41553  22.8801 328.3318 8685808 311.3212   1.1412  0.74392930  5310
0 FALCON 9 R/B
1 41553U 16031B   18136.08999204 -.00003795  00000-0 -39159-1 0  9993
2 41553  22.8747 328.2100 8687802 311.5560   1.0976  0.74377923  5321
0 FALCON 9 R/B
1 41553U 16031B   18137.43498070  .00006219  00000-0  70524-1 0  9991
2 41553  22.8660 328.0867 8690040 311.8116   1.0990  0.74371144  5337
0 FALCON 9 R/B
1 41553U 16031B   18138.77992873  .00006074  00000-0  73242-1 0  9998
2 41553  22.8491 327.9897 8689044 312.0406   1.1440  0.74369176  5341
0 FALCON 9 R/B
1 41553U 16031B   18140.12485081  .00007258  00000-0  96835-1 0  9996
2 41553  22.8335 327.8914 8687122 312.2564   1.1990  0.74372099  5358
0 FALCON 9 R/B
1 41553U 16031B   18142.81405972  .00001149  00000-0  22493-1 0  9997
2 41553  22.8162 327.6439 8686149 312.7190   1.2083  0.74390725  5376
0 FALCON 9 R/B
1 41553U 16031B   18149.53553958 +.00002307 +00000-0 +37053-1 0  9996
2 41553 022.7819 327.0153 8687701 313.9055 000.9551 00.74380471005428
0 FALCON 9 R/B
1 41553U 16031B   18149.53556983  .00001768  00000-0  30123-1 0  9998
2 41553  22.7835 327.0160 8687795 313.9054   0.9552  0.74392522  5427
0 FALCON 9 R/B
1 41553U 16031B   18150.88010680  .00001786  00000-0  30213-1 0  9997
2 41553  22.7765 326.8877 8687664 314.1424   0.9898  0.74380815  5436
0 FALCON 9 R/B
1 41553U 16031B   18152.22479009  .00001295  00000-0  23301-1 0  9996
2 41553  22.7719 326.7545 8687873 314.3845   1.0473  0.74383821  5449
0 FALCON 9 R/B
1 41553U 16031B   18153.56949184 -.00001147 +00000-0 -61642-2 0  9999
2 41553 022.7644 326.6284 8687924 314.6230 001.1122 00.74386869005080
0 FALCON 9 R/B
1 41553U 16031B   18153.56949184 -.00001147  00000-0 -61642-2 0  9999
2 41553  22.7644 326.6284 8687924 314.6230   1.1122  0.74386869  5451
0 FALCON 9 R/B
1 41553U 16031B   18153.56951585 -.00000939 +00000-0 -36376-2 0  9991
2 41553 022.7674 326.6168 8688234 314.6327 001.1107 00.74389184005082
0 FALCON 9 R/B
1 41553U 16031B   18154.91413674 -.00004105  00000-0 -40323-1 0  9998
2 41553  22.7606 326.4924 8688312 314.8699   1.1649  0.74391265  5462
0 FALCON 9 R/B
1 41553U 16031B   18154.91422570  .00000642  00000-0  13898-1 0  9990
2 41553  22.7635 326.4817 8688727 314.8806   1.1630  0.74387735  5462
0 FALCON 9 R/B
1 41553U 16031B   18156.25887106 +.00002695 +00000-0 +36317-1 0  9990
2 41553 022.7581 326.3512 8688972 315.1258 001.1905 00.74385692005106
0 FALCON 9 R/B
1 41553U 16031B   18156.25887106 +.00002695 +00000-0 +36317-1 0  9990
2 41553 022.7581 326.3512 8688972 315.1258 001.1905 00.74385692005476
0 FALCON 9 R/B
1 41553U 16031B   18157.60347870 +.00004519 +00000-0 +57432-1 0  9997
2 41553 022.7499 326.2273 8688715 315.3643 001.1853 00.74387795005111
0 FALCON 9 R/B
1 41553U 16031B   18157.60347870 +.00004519 +00000-0 +57432-1 0  9997
2 41553 022.7499 326.2273 8688715 315.3643 001.1853 00.74387795005481
0 FALCON 9 R/B
1 41553U 16031B   18158.94789375 +.00003348 +00000-0 +46183-1 0  9995
2 41553 022.7389 326.1076 8688128 315.5972 001.1481 00.74390486005493
0 FALCON 9 R/B
1 41553U 16031B   18160.29201087  .00005442  00000-0  72533-1 0  9990
2 41553  22.7279 325.9850 8687930 315.8306   1.0894  0.74379880  5506
0 FALCON 9 R/B
1 41553U 16031B   18161.63627634 +.00002455 +00000-0 +35950-1 0  9992
2 41553 022.7205 325.8532 8688643 316.0694 001.0299 00.74385466005142
0 FALCON 9 R/B
1 41553U 16031B   18161.63627634  .00002455  00000-0  35950-1 0  9992
2 41553  22.7205 325.8532 8688643 316.0694   1.0299  0.74385466  5513
0 FALCON 9 R/B
1 41553U 16031B   18162.98075709  .00000154  00000-0  89208-2 0  9991
2 41553  22.7157 325.7153 8690825 316.3204   0.9933  0.74390910  5526
0 FALCON 9 R/B
1 41553U 16031B   18168.36020186  .00005634  00000-0  61170-1 0  9993
2 41553  22.6523 325.2706 8691067 317.2770   1.1942  0.74389444  5565
0 FALCON 9 R/B
1 41553U 16031B   18168.36029640 +.00004282 +00000-0 +53601-1 0  9995
2 41553 022.6422 325.2863 8689434 317.2647 001.1963 00.74383459005568
0 FALCON 9 R/B
1 41553U 16031B   18169.70487501 +.00000431 +00000-0 +12776-1 0  9998
2 41553 022.6313 325.1574 8689024 317.5034 001.2207 00.74393779005572
0 FALCON 9 R/B
1 41553U 16031B   18172.39332530 -.00002297 +00000-0 -14504-1 0  9993
2 41553 022.6165 324.8993 8689736 317.9848 001.1485 00.74406180005595
0 FALCON 9 R/B
1 41553U 16031B   18173.73771634 +.00003537 +00000-0 +43958-1 0  9995
2 41553 022.6091 324.7617 8690939 318.2427 001.0876 00.74387474005608
0 FALCON 9 R/B
1 41553U 16031B   18176.42635385 +.00002180 +00000-0 +30552-1 0  9995
2 41553 022.5897 324.5140 8690833 318.7206 001.0575 00.74396938005626
0 FALCON 9 R/B
1 41553U 16031B   18180.45989486  .00000376  00000-0  11435-1 0  9991
2 41553  22.5676 324.1072 8690473 319.4690   1.2460  0.74397961  5651
0 FALCON 9 R/B
1 41553U 16031B   18181.80445643 +.00000159 +00000-0 +85965-2 0  9992
2 41553 022.5643 323.9693 8690810 319.7215 001.3224 00.74402279005290
0 FALCON 9 R/B
1 41553U 16031B   18181.80445643 +.00000159 +00000-0 +85965-2 0  9992
2 41553 022.5643 323.9693 8690810 319.7215 001.3224 00.74402279005661
0 FALCON 9 R/B
1 41553U 16031B   18184.49313464 -.00002909  00000-0 -21044-1 0  9999
2 41553  22.5437 323.7121 8691187 320.2100   1.4060  0.74410160  5683
0 FALCON 9 R/B
1 41553U 16031B   18184.49324166  .00004561  00000-0  50129-1 0  9990
2 41553  22.5449 323.7056 8691133 320.2214   1.4031  0.74398410  5681
0 FALCON 9 R/B
1 41553U 16031B   18185.83755203  .00005118  00000-0  57302-1 0  9998
2 41553  22.5337 323.5838 8690590 320.4607   1.3941  0.74403632  5690
0 FALCON 9 R/B
1 41553U 16031B   18188.52542686 +.00001687 +00000-0 +25037-1 0  9993
2 41553 022.5102 323.3396 8689862 320.9331 001.3135 00.74417904005711
0 FALCON 9 R/B
1 41553U 16031B   18188.52545147  .00002098  00000-0  29594-1 0  9997
2 41553  22.5076 323.3345 8689846 320.9358   1.3110  0.74403608  5715
0 FALCON 9 R/B
1 41553U 16031B   18189.86948702  .00001018  00000-0  17138-1 0  9991
2 41553  22.4999 323.1983 8691199 321.1831   1.2763  0.74406618  5725
0 FALCON 9 R/B
1 41553U 16031B   18192.55799249 -.00002583 +00000-0 -14503-1 0  9994
2 41553 022.4814 322.9404 8693704 321.6786 001.3263 00.74410340005378
0 FALCON 9 R/B
1 41553U 16031B   18192.55799249 -.00002583  00000-0 -14503-1 0  9994
2 41553  22.4814 322.9404 8693704 321.6786   1.3263  0.74410340  5749
0 FALCON 9 R/B
1 41553U 16031B   18193.90284210  .00009250  00000-0  78660-1 0  9991
2 41553  22.4410 322.8618 8694021 321.9194   1.4011  0.74398618  5752
0 FALCON 9 R/B
1 41553U 16031B   18195.24716590  .00007423  00000-0  74318-1 0  9997
2 41553  22.4120 322.7651 8691673 322.1439   1.4852  0.74408569  5762
0 FALCON 9 R/B
1 41553U 16031B   18196.59119649 +.00004771 +00000-0 +53858-1 0  9997
2 41553 022.3949 322.6436 8690405 322.3774 001.5382 00.74421820005401
0 FALCON 9 R/B
1 41553U 16031B   18196.59119649  .00004771  00000-0  53858-1 0  9997
2 41553  22.3949 322.6436 8690405 322.3774   1.5382  0.74421820  5771
0 FALCON 9 R/B
1 41553U 16031B   18197.93492690  .00004896  00000-0  47174-1 0  9998
2 41553  22.4097 322.5086 8692832 322.6555   1.5374  0.74428305  5789
0 FALCON 9 R/B
1 41553U 16031B   18199.27842134 -.00001650  00000-0 -78553-2 0  9992
2 41553  22.3786 322.3868 8690575 322.8572   1.5116  0.74440873  5791
0 FALCON 9 R/B
1 41553U 16031B   18200.62216039 -.00001605 +00000-0 -62468-2 0  9991
2 41553 022.3680 322.2443 8691808 323.1200 001.4546 00.74443810005435
0 FALCON 9 R/B
1 41553U 16031B   18200.62216039 -.00001605  00000-0 -62468-2 0  9991
2 41553  22.3680 322.2443 8691808 323.1200   1.4546  0.74443810  5806
0 FALCON 9 R/B
1 41553U 16031B   18203.30908070  .00001584  00000-0  21607-1 0  9995
2 41553  22.3449 321.9986 8692028 323.6001   1.4054  0.74445087  5820
0 FALCON 9 R/B
1 41553U 16031B   18204.65272820 +.00002127 +00000-0 +27373-1 0  9991
2 41553 022.3329 321.8656 8691309 323.8522 001.4307 00.74431729005831
0 FALCON 9 R/B
1 41553U 16031B   18207.34022325 -.00000601 +00000-0 +89101-3 0  9998
2 41553 022.3182 321.5934 8691091 324.3501 001.5697 00.74444412005482
0 FALCON 9 R/B
1 41553U 16031B   18207.34022325 -.00000601 +00000-0 +89101-3 0  9998
2 41553 022.3182 321.5934 8691091 324.3501 001.5697 00.74444412005853
0 FALCON 9 R/B
1 41553U 16031B   18207.34024891 +.00000608 +00000-0 +12044-1 0  9994
2 41553 022.3122 321.6109 8691164 324.3349 001.5724 00.74441964005853
0 FALCON 9 R/B
1 41553U 16031B   18208.68397112 -.00000695 +00000-0 -54113-3 0  9994
2 41553 022.3123 321.4562 8691322 324.6023 001.6502 00.74447916005862
0 FALCON 9 R/B
1 41553U 16031B   18211.37109824 -.00000616  00000-0 -52855-3 0  9999
2 41553  22.2922 321.1979 8691758 325.0914   1.7559  0.74452504  5888
0 FALCON 9 R/B
1 41553U 16031B   18211.37128042 -.00000017  00000-0  47605-2 0  9992
2 41553  22.2964 321.1891 8691656 325.1036   1.7532  0.74454394  5880
0 FALCON 9 R/B
1 41553U 16031B   18215.40103153  .00000270  00000-0  79491-2 0  9994
2 41553  22.2588 320.8229 8690806 325.8189   1.6802  0.74458366  5911
0 FALCON 9 R/B
1 41553U 16031B   18219.43090080 -.00006304  00000-0 -46883-1 0  9999
2 41553  22.2206 320.4390 8692821 326.5422   1.6327  0.74449730  5940
0 FALCON 9 R/B
1 41553U 16031B   18219.43119423 -.00001162  00000-0 -40676-2 0  9994
2 41553  22.2185 320.4398 8694764 326.5543   1.6274  0.74453430  5949
0 FALCON 9 R/B
1 41553U 16031B   18227.49205829 -.00001718  00000-0 -94735-2 0  9997
2 41553  22.0859 319.7641 8691768 327.9547   1.7502  0.74462903  6005
0 FALCON 9 R/B
1 41553U 16031B   18228.83516176 -.00002124  00000-0 -12046-1 0  9992
2 41553  22.0758 319.6386 8692519 328.1984   1.6875  0.74462327  6014
0 FALCON 9 R/B
1 41553U 16031B   18230.17835803 -.00000375  00000-0  23499-2 0  9993
2 41553  22.0633 319.5173 8692882 328.4376   1.6475  0.74465881  6025
0 FALCON 9 R/B
1 41553U 16031B   18231.52165751 -.00000887  00000-0 -22012-2 0  9990
2 41553  22.0500 319.3955 8692807 328.6771   1.6434  0.74457971  6039
0 FALCON 9 R/B
1 41553U 16031B   18231.52169171  .00001679  00000-0  19512-1 0  9998
2 41553  22.0515 319.3946 8692293 328.6787   1.6427  0.74451266  6034
0 FALCON 9 R/B
1 41553U 16031B   18234.20845967 -.00000751  00000-0 -24655-2 0  9997
2 41553  22.0268 319.1439 8692148 329.1569   1.7316  0.74454869  6059
0 FALCON 9 R/B
1 41553U 16031B   18238.23865590 -.00005872  00000-0 -46465-1 0  9999
2 41553  22.0071 318.7428 8692460 329.8951   1.8862  0.74463266  6084
0 FALCON 9 R/B
1 41553U 16031B   18242.26807726  .00001008  00000-0  10928-1 0  9994
2 41553  21.9719 318.3720 8692006 330.6117   1.7899  0.74473075  6114
0 FALCON 9 R/B
1 41553U 16031B   18244.95412462  .00002757  00000-0  24997-1 0  9994
2 41553  21.9431 318.1289 8692895 331.0723   1.6649  0.74456169  6136
0 FALCON 9 R/B
1 41553U 16031B   18246.29717324 -.00003232  00000-0 -23472-1 0  9996
2 41553  21.9284 318.0082 8692982 331.3078   1.6467  0.74463507  6148
0 FALCON 9 R/B
1 41553U 16031B   18247.64058335 -.00006726  00000-0 -44891-1 0  9995
2 41553  21.9137 317.8865 8695130 331.5491   1.6665  0.74457514  6152
0 FALCON 9 R/B
1 41553U 16031B   18250.32799706  .00000139  00000-0  20776-2 0  9995
2 41553  21.8494 317.6930 8695978 332.0097   1.7601  0.74461098  6171
0 FALCON 9 R/B
1 41553U 16031B   18253.01456973 -.00002939  00000-0 -21961-1 0  9998
2 41553  21.7885 317.4852 8692820 332.4523   1.7452  0.74464578  6198
0 FALCON 9 R/B
1 41553U 16031B   18254.35750778 -.00004369  00000-0 -32776-1 0  9991
2 41553  21.7745 317.3612 8692902 332.6846   1.6739  0.74466064  6208
0 FALCON 9 R/B
1 41553U 16031B   18255.70057002  .00010762  00000-0  81292-1 0  9990
2 41553  21.7653 317.2358 8694596 332.9207   1.5861  0.74442540  6216
0 FALCON 9 R/B
1 41553U 16031B   18258.38658830 -.00002313  00000-0 -14035-1 0  9999
2 41553  21.7344 316.9971 8694669 333.3887   1.4680  0.74462090  6232
0 FALCON 9 R/B
1 41553U 16031B   18258.38661110 +.00007768 +00000-0 +59405-1 0  9991
2 41553 021.7350 316.9994 8694584 333.3862 001.4688 00.74442460005868
0 FALCON 9 R/B
1 41553U 16031B   18258.38661110  .00007768  00000-0  59405-1 0  9991
2 41553  21.7350 316.9994 8694584 333.3862   1.4688  0.74442460  6230
0 FALCON 9 R/B
1 41553U 16031B   18261.07308584 +.00004529 +00000-0 +35530-1 0  9999
2 41553 021.7127 316.7500 8694187 333.8565 001.4858 00.74447453005883
0 FALCON 9 R/B
1 41553U 16031B   18261.07308584  .00004529  00000-0  35530-1 0  9999
2 41553  21.7127 316.7500 8694187 333.8565   1.4858  0.74447453  6255
0 FALCON 9 R/B
1 41553U 16031B   18262.41643050 +.00002855 +00000-0 +22303-1 0  9992
2 41553 021.7062 316.6193 8694236 334.0967 001.5254 00.74450671006262
0 FALCON 9 R/B
1 41553U 16031B   18265.10306407 -.00002769 +00000-0 -19562-1 0  9992
2 41553 021.6829 316.3694 8694685 334.5707 001.5851 00.74460737006289
0 FALCON 9 R/B
1 41553U 16031B   18266.44626902 -.00005121 +00000-0 -35776-1 0  9995
2 41553 021.6746 316.2427 8694906 334.8100 001.5775 00.74469238006297
0 FALCON 9 R/B
1 41553U 16031B   18266.44638086 +.00005963 +00000-0 +42072-1 0  9990
2 41553 021.6796 316.2417 8695021 334.8091 001.5785 00.74450232006294
0 FALCON 9 R/B
1 41553U 16031B   18267.78941433  .00029319  00000-0  20633+0 0  9999
2 41553  21.6630 316.1245 8695458 335.0433   1.5359  0.74415648  6307
0 FALCON 9 R/B
1 41553U 16031B   18267.78943557 +.00016677 +00000-0 +11822+0 0  9991
2 41553 021.6632 316.1244 8695139 335.0409 001.5364 00.74433534005935
0 FALCON 9 R/B
1 41553U 16031B   18269.13234952 -.00001544 +00000-0 -10824-1 0  9996
2 41553 021.6467 316.0027 8694788 335.2748 001.4627 00.74467656006312
0 FALCON 9 R/B
1 41553U 16031B   18269.13239769  .00031680  00000-0  22746+0 0  9993
2 41553  21.6453 316.0085 8695203 335.2713   1.4633  0.74413715  6310
0 FALCON 9 R/B
1 41553U 16031B   18269.13245367  .00008622  00000-0  62929-1 0  9993
2 41553  21.6458 316.0085 8694579 335.2660   1.4643  0.74447341  6314
0 FALCON 9 R/B
1 41553U 16031B   18270.47524750 -.00002014  00000-0 -14255-1 0  9998
2 41553  21.6289 315.8870 8694465 335.5008   1.3733  0.74467325  6322
0 FALCON 9 R/B
1 41553U 16031B   18270.47529898  .00029823  00000-0  21404+0 0  9993
2 41553  21.6277 315.8927 8695169 335.4954   1.3737  0.74418266  6327
0 FALCON 9 R/B
1 41553U 16031B   18270.47530683  .00016123  00000-0  11688+0 0  9999
2 41553  21.6279 315.8925 8694821 335.4925   1.3742  0.74436795  6322
0 FALCON 9 R/B
1 41553U 16031B   18271.81820781  .00025666  00000-0  17286+0 0  9991
2 41553  21.6113 315.7745 8695993 335.7192   1.2883  0.74425848  6331
0 FALCON 9 R/B
1 41553U 16031B   18271.81820963 +.00013574 +00000-0 +92482-1 0  9991
2 41553 021.6115 315.7744 8695673 335.7168 001.2888 00.74441969005965
0 FALCON 9 R/B
1 41553U 16031B   18273.16110156 -.00004676  00000-0 -30978-1 0  9994
2 41553  21.5947 315.6526 8695506 335.9506   1.2306  0.74461716  6347
0 FALCON 9 R/B
1 41553U 16031B   18273.16110388 -.00059976  00000-0 -40133+0 0  9996
2 41553  21.5940 315.6560 8694766 335.9345   1.2323  0.74530909  6346
0 FALCON 9 R/B
1 41553U 16031B   18273.16128812  .00039050  00000-0  81435+0 0  9996
2 41553  21.4469 315.8200 8677626 335.8992   0.8659  0.74404615  6348
0 FALCON 9 R/B
1 41553U 16031B   18277.19143409  .00019087  00000-0  10363+0 0  9992
2 41553  21.4908 315.3658 8698938 336.6205   1.2630  0.74419462  6376
0 FALCON 9 R/B
1 41553U 16031B   18277.19148876  .00011292  00000-0  61458-1 0  9998
2 41553  21.4903 315.3654 8698738 336.6198   1.2633  0.74432874  6371
0 FALCON 9 R/B
1 41553U 16031B   18278.53473431  .00022831  00000-0  62374+0 0  9992
2 41553  21.2684 315.4712 8672067 336.7732   0.8380  0.74411555  6381
0 FALCON 9 R/B
1 41553U 16031B   18278.53485117 -.00004700  00000-0 -25463-1 0  9993
2 41553  21.4719 315.2408 8698430 336.8603   1.2723  0.74471031  6383
0 FALCON 9 R/B
1 41553U 16031B   18279.87804467 +.00021608 +00000-0 +13308+0 0  9991
2 41553 021.4365 315.1418 8697173 337.0725 001.2449 00.74427777006025
0 FALCON 9 R/B
1 41553U 16031B   18279.87804467  .00021608  00000-0  13308+0 0  9991
2 41553  21.4365 315.1418 8697173 337.0725   1.2449  0.74427777  6395
0 FALCON 9 R/B
1 41553U 16031B   18281.22093230 -.00000821  00000-0 -45236-2 0  9995
2 41553  21.4183 315.0182 8696714 337.3069   1.1696  0.74466822  6403
0 FALCON 9 R/B
1 41553U 16031B   18281.22110882  .00012563  00000-0  75142-1 0  9990
2 41553  21.4219 315.0193 8697414 337.2983   1.1708  0.74447770  6402
0 FALCON 9 R/B
1 41553U 16031B   18282.56376037 +.00010395 +00000-0 +33677+0 0  9990
2 41553 021.2337 315.0630 8668303 337.4401 000.8161 00.74450629006045
0 FALCON 9 R/B
1 41553U 16031B   18282.56376037  .00010395  00000-0  33677+0 0  9990
2 41553  21.2337 315.0630 8668303 337.4401   0.8161  0.74450629  6416
0 FALCON 9 R/B
1 41553U 16031B   18285.24975048 +.00003084 +00000-0 +17378-1 0  9994
2 41553 021.3699 314.6646 8698943 337.9902 000.8960 00.74453900006067
0 FALCON 9 R/B
1 41553U 16031B   18286.59274015 -.00010090  00000-0 -51423-1 0  9995
2 41553  21.3509 314.5434 8698957 338.2257   0.8554  0.74468252  6440
0 FALCON 9 R/B
1 41553U 16031B   18286.59278246  .00003924  00000-0  21638-1 0  9996
2 41553  21.3535 314.5445 8698972 338.2227   0.8572  0.74450001  6448
0 FALCON 9 R/B
1 41553U 16031B   18287.93606331  .00031639  00000-0  72655+0 0  9992
2 41553  21.2258 314.5163 8675747 338.4072   0.7723  0.74407190  6450
0 FALCON 9 R/B
1 41553U 16031B   18289.27929234  .00031205  00000-0  71384+0 0  9998
2 41553  21.2096 314.3953 8675807 338.6461   0.7633  0.74405282  6467
0 FALCON 9 R/B
1 41553U 16031B   18290.62251238  .00003963  00000-0  19944-1 0  9997
2 41553  21.3212 314.1640 8699569 338.9327   0.8996  0.74451044  6475
0 FALCON 9 R/B
1 41553U 16031B   18291.96582245  .00004649  00000-0  22303-1 0  9995
2 41553  21.3115 314.0370 8700059 339.1713   0.9173  0.74451476  6483
0 FALCON 9 R/B
1 41553U 16031B   18293.30894919  .00000061  00000-0  00000+0 0  9991
2 41553  21.1648 314.0254 8671719 339.3412   0.7407  0.74517797  6499
0 FALCON 9 R/B
1 41553U 16031B   18297.33804752 +.00009830 +00000-0 +46675-1 0  9997
2 41553 021.2388 313.5596 8700336 340.0967 000.7129 00.74446077006152
0 FALCON 9 R/B
1 41553U 16031B   18298.68088788  .00010291  00000-0  27794+0 0  9991
2 41553  21.1344 313.4801 8671841 340.2510   0.7063  0.74455122  6535
0 FALCON 9 R/B
1 41553U 16031B   18300.02384350  .00013148  00000-0  52375-1 0  9996
2 41553  21.1971 313.3218 8703020 340.5535   0.5358  0.74441671  6547
0 FALCON 9 R/B
1 41553U 16031B   18301.36678550 -.00002310  00000-0 -74083-2 0  9994
2 41553  21.1786 313.1989 8702790 340.7883   0.4927  0.74461583  6551
0 FALCON 9 R/B
1 41553U 16031B   18301.36705623  .00044380  00000-0  75302+0 0  9999
2 41553  21.1216 313.2202 8681618 340.7295   0.6805  0.74392895  6556
0 FALCON 9 R/B
1 41553U 16031B   18302.71038126  .00055468  00000-0  83428+0 0  9993
2 41553  21.0804 313.1274 8684100 340.9606   0.6700  0.74364899  6561
0 FALCON 9 R/B
1 41553U 16031B   18304.05370334 -.00001710 +00000-0 -56015-2 0  9990
2 41553 021.1063 312.9876 8706145 341.2560 000.5134 00.74461874006573
0 FALCON 9 R/B
1 41553U 16031B   18304.05377595  .00023084  00000-0  69204-1 0  9995
2 41553  21.0809 313.0165 8706060 341.2397   0.5165  0.74414696  6571
0 FALCON 9 R/B
1 41553U 16031B   18304.05383232  .00012751  00000-0  38054-1 0  9998
2 41553  21.0802 313.0158 8705812 341.2390   0.5169  0.74431552  6577
0 FALCON 9 R/B
1 41553U 16031B   18305.39717391  .00031704  00000-0  59671+0 0  9998
2 41553  20.9693 312.9461 8679607 341.4082   0.6570  0.74398962  6585
0 FALCON 9 R/B
1 41553U 16031B   18305.39730957  .00007919  00000-0  25211-1 0  9997
2 41553  21.0403 312.9078 8704437 341.4676   0.5375  0.74443828  6583
0 FALCON 9 R/B
1 41553U 16031B   18306.74037384  .00015397  00000-0  33382+0 0  9996
2 41553  20.9329 312.8264 8676528 341.6287   0.6512  0.74432892  6597
0 FALCON 9 R/B
1 41553U 16031B   18309.42630467 -.00087959  00000-0 -29541+0 0  9992
2 41553  20.9701 312.5379 8702953 342.1581   0.3771  0.74578251  6617
0 FALCON 9 R/B
1 41553U 16031B   18309.42642766  .00032702  00000-0  10274+0 0  9994
2 41553  20.9723 312.5383 8705662 342.1768   0.3758  0.74416474  6616
0 FALCON 9 R/B
1 41553U 16031B   18309.42654838  .00010938  00000-0  34498-1 0  9990
2 41553  20.9737 312.5393 8705245 342.1709   0.3765  0.74452202  6611
0 FALCON 9 R/B
1 41553U 16031B   18310.76914958 -.00001961 +00000-0 -44295-2 0  9996
2 41553 020.9528 312.4139 8705629 342.4110 000.2740 00.74454755006258
0 FALCON 9 R/B
1 41553U 16031B   18310.76923796  .00015986  00000-0  29888+0 0  9994
2 41553  20.9297 312.3887 8679467 342.3330   0.6230  0.74445957  6626
0 FALCON 9 R/B
1 41553U 16031B   18312.11220729  .00029787  00000-0  46038+0 0  9991
2 41553  20.9357 312.2424 8683076 342.5822   0.6112  0.74423389  6633
0 FALCON 9 R/B
1 41553U 16031B   18313.45526904  .00037615  00000-0  48300+0 0  9996
2 41553  20.9351 312.1044 8686425 342.8315   0.5997  0.74406864  6645
0 FALCON 9 R/B
1 41553U 16031B   18314.79828854  .00029280  00000-0  79774-1 0  9993
2 41553  20.8921 312.0414 8707526 343.1373   0.1210  0.74416264  6651
0 FALCON 9 R/B
1 41553U 16031B   18314.79828870 +.00013155 +00000-0 +37470-1 0  9992
2 41553 020.8918 312.0411 8707173 343.1357 000.1213 00.74437720006286
0 FALCON 9 R/B
1 41553U 16031B   18316.14149471 -.00001910  00000-0 -33918-2 0  9998
2 41553  20.8699 311.9127 8706994 343.3817   0.1350  0.74463865  6660
0 FALCON 9 R/B
1 41553U 16031B   18316.14149583  .00024924  00000-0  66474-1 0  9992
2 41553  20.8774 311.9094 8707623 343.3816   0.1364  0.74422870  6662
0 FALCON 9 R/B
1 41553U 16031B   18316.14149605 -.00056621  00000-0 -62112+0 0  9991
2 41553  20.9268 311.8366 8687457 343.3156   0.5814  0.74518948  6667
0 FALCON 9 R/B
1 41553U 16031B   18316.14149656 -.00005217  00000-0 -12433-1 0  9995
2 41553  20.8724 311.9168 8706734 343.3696   0.1360  0.74462325  6662
0 FALCON 9 R/B
1 41553U 16031B   18316.14156515 -.00000273  00000-0  92751-3 0  9996
2 41553  20.8777 311.9095 8707021 343.3775   0.1375  0.74460387  6669
0 FALCON 9 R/B
1 41553U 16031B   18317.48476499 +.00000016 +00000-0 +77244-3 0  9994
2 41553 020.8582 311.7845 8707004 343.6159 000.1669 00.74459472006304
0 FALCON 9 R/B
1 41553U 16031B   18317.48476499  .00000016  00000-0  77244-3 0  9994
2 41553  20.8582 311.7845 8707004 343.6159   0.1669  0.74459472  6674
0 FALCON 9 R/B
1 41553U 16031B   18317.48477126  .00025481  00000-0  64088-1 0  9995
2 41553  20.8650 311.7760 8708105 343.6277   0.1673  0.74422065  6673
0 FALCON 9 R/B
1 41553U 16031B   18317.48479375  .00005686  00000-0  15003-1 0  9991
2 41553  20.8656 311.7763 8707659 343.6249   0.1680  0.74449708  6675
0 FALCON 9 R/B
1 41553U 16031B   18318.82809282 +.00008922 +00000-0 +21007-1 0  9991
2 41553 020.8527 311.6439 8708337 343.8727 000.1978 00.74446056006312
0 FALCON 9 R/B
1 41553U 16031B   18318.82809282  .00008922  00000-0  21007-1 0  9991
2 41553  20.8527 311.6439 8708337 343.8727   0.1978  0.74446056  6682
0 FALCON 9 R/B
1 41553U 16031B   18320.17127943 -.00003588  00000-0 -89202-2 0  9996
2 41553  20.8304 311.5152 8708295 344.1209   0.2101  0.74466600  6695
0 FALCON 9 R/B
1 41553U 16031B   18320.17128051 -.00014174  00000-0 -34331-1 0  9992
2 41553  20.8333 311.5190 8707951 344.1078   0.2112  0.74474534  6698
0 FALCON 9 R/B
1 41553U 16031B   18320.17133045  .00065297  00000-0  14034+0 0  9997
2 41553  20.8371 311.5134 8710175 344.1272   0.2102  0.74371023  6694
0 FALCON 9 R/B
1 41553U 16031B   18320.17136189  .00010558  00000-0  23150-1 0  9990
2 41553  20.8372 311.5132 8708903 344.1200   0.2115  0.74444218  6691
0 FALCON 9 R/B
1 41553U 16031B   18321.51449972  .00042100  00000-0  89189-1 0  9998
2 41553  20.8174 311.3862 8709965 344.3687   0.1972  0.74399204  6705
0 FALCON 9 R/B
1 41553U 16031B   18321.51457688 +.00011814 +00000-0 +25124-1 0  9998
2 41553 020.8174 311.3860 8709246 344.3647 000.1980 00.74443361006704
0 FALCON 9 R/B
1 41553U 16031B   18322.85758356  .00047055  00000-0  10003+0 0  9996
2 41553  20.7936 311.2619 8710051 344.6121   0.1521  0.74392979  6716
0 FALCON 9 R/B
1 41553U 16031B   18322.85758789 +.00035978 +00000-0 +77256-1 0  9992
2 41553 020.7936 311.2618 8709773 344.6102 000.1524 00.74407604006347
0 FALCON 9 R/B
1 41553U 16031B   18324.20050157 -.00002172  00000-0 -41426-2 0  9990
2 41553  20.7704 311.1311 8709007 344.8560   0.0793  0.74472889  6725
0 FALCON 9 R/B
1 41553U 16031B   18324.20050268 -.00042868  00000-0 -93442-1 0  9993
2 41553  20.7733 311.1350 8708300 344.8396   0.0807  0.74516428  6726
0 FALCON 9 R/B
1 41553U 16031B   18324.20055516  .00046895  00000-0  10179+0 0  9990
2 41553  20.7681 311.1367 8709889 344.8529   0.0802  0.74394643  6725
0 FALCON 9 R/B
1 41553U 16031B   18324.20059951  .00012804  00000-0  29034-1 0  9992
2 41553  20.7676 311.1359 8709029 344.8473   0.0811  0.74441880  6720
0 FALCON 9 R/B
1 41553U 16031B   18325.54347573  .00080755  00000-0  16294+0 0  9992
2 41553  20.7440 311.0098 8711104 345.0966 359.9949  0.74354863  6738
0 FALCON 9 R/B
1 41553U 16031B   18325.54349057  .00010573  00000-0  23791-1 0  9994
2 41553  20.7429 311.0087 8709388 345.0859 359.9964  0.74446530  6735
0 FALCON 9 R/B
1 41553U 16031B   18326.88627945 -.00017352  00000-0 -35607-1 0  9990
2 41553  20.7229 310.8819 8708984 345.3213 359.9202  0.74476284  6746
0 FALCON 9 R/B
1 41553U 16031B   18326.88639033  .00052645  00000-0  94759-1 0  9996
2 41553  20.7196 310.8818 8711859 345.3315 359.9192  0.74391050  6741
0 FALCON 9 R/B
1 41553U 16031B   18326.88639238 +.00026825 +00000-0 +49808-1 0  9999
2 41553 020.7190 310.8815 8711298 345.3285 359.9196 00.74424689006373
0 FALCON 9 R/B
1 41553U 16031B   18326.88643075  .00007476  00000-0  15051-1 0  9997
2 41553  20.7189 310.8809 8710862 345.3268 359.9200  0.74452543  6748
0 FALCON 9 R/B
1 41553U 16031B   18328.22929514 -.00008076  00000-0 -13143-1 0  9991
2 41553  20.6955 310.7506 8710843 345.5760 359.8731  0.74466133  6758
0 FALCON 9 R/B
1 41553U 16031B   18328.22944439  .00041475  00000-0  59038-1 0  9995
2 41553  20.6889 310.7604 8713935 345.5700 359.8727  0.74401605  6750
0 FALCON 9 R/B
1 41553U 16031B   18328.22952807  .00005513  00000-0  89062-2 0  9997
2 41553  20.6877 310.7591 8713197 345.5691 359.8734  0.74453795  6756
0 FALCON 9 R/B
1 41553U 16031B   18329.57271433  .00039348  00000-0  45635-1 0  9995
2 41553  20.6435 310.6508 8715731 345.8096 359.8677  0.74396778  6765
0 FALCON 9 R/B
1 41553U 16031B   18329.57274242 +.00023000 +00000-0 +26940-1 0  9992
2 41553 020.6419 310.6499 8715464 345.8097 359.8680 00.74419782006394
0 FALCON 9 R/B
1 41553U 16031B   18329.57283180  .00009021  00000-0  10984-1 0  9991
2 41553  20.6407 310.6481 8715172 345.8122 359.8682  0.74443370  6760
0 FALCON 9 R/B
1 41553U 16031B   18330.91610486 -.00003092 +00000-0 -31797-2 0  9994
2 41553 020.6169 310.5157 8715086 346.0680 359.8965 00.74465604006409
0 FALCON 9 R/B
1 41553U 16031B   18330.91610486 -.00003092  00000-0 -31797-2 0  9994
2 41553  20.6169 310.5157 8715086 346.0680 359.8965  0.74465604  6779
0 FALCON 9 R/B
1 41553U 16031B   18330.91618066  .00043906  00000-0  49870-1 0  9992
2 41553  20.5880 310.5437 8715946 346.0554 359.8977  0.74387219  6772
0 FALCON 9 R/B
1 41553U 16031B   18330.91628144  .00011461  00000-0  13429-1 0  9992
2 41553  20.5841 310.5401 8715257 346.0574 359.8983  0.74435497  6776
0 FALCON 9 R/B
1 41553U 16031B   18332.25989953  .00004807  00000-0  63053-2 0  9994
2 41553  20.5337 310.4217 8713811 346.3039 359.9395  0.74455154  6784
0 FALCON 9 R/B
1 41553U 16031B   18333.60303012  .00047959  00000-0  16107+0 0  9990
2 41553  20.5958 310.2176 8705173 346.4941   0.4571  0.74388727  6796
0 FALCON 9 R/B
1 41553U 16031B   18333.60308807  .00009554  00000-0  13460-1 0  9997
2 41553  20.4978 310.2939 8713179 346.5521 359.9600  0.74447406  6799
0 FALCON 9 R/B
1 41553U 16031B   18334.94611167 -.00000902 +00000-0 -13312-2 0  9998
2 41553 020.4737 310.1597 8713087 346.8059 359.9398 00.74471019006430
0 FALCON 9 R/B
1 41553U 16031B   18334.94611167 -.00000902  00000-0 -13312-2 0  9998
2 41553  20.4737 310.1597 8713087 346.8059 359.9398  0.74471019  6801
0 FALCON 9 R/B
1 41553U 16031B   18334.94616061 +.00029997 +00000-0 +40661-1 0  9995
2 41553 020.4736 310.1588 8713944 346.8065 359.9402 00.74422803006431
0 FALCON 9 R/B
1 41553U 16031B   18334.94616538  .00059128  00000-0  78237-1 0  9993
2 41553  20.4745 310.1594 8714602 346.8099 359.9397  0.74385343  6808
0 FALCON 9 R/B
1 41553U 16031B   18334.94618988  .00017367  00000-0  23846-1 0  9999
2 41553  20.4736 310.1585 8713606 346.8043 359.9405  0.74441075  6805
0 FALCON 9 R/B
1 41553U 16031B   18336.28899111 -.00006489  00000-0 -84316-2 0  9992
2 41553  20.4491 310.0239 8713276 347.0581 359.8810  0.74480478  6811
0 FALCON 9 R/B
1 41553U 16031B   18336.28911709  .00173980  00000-0  19000+0 0  9994
2 41553  20.4528 310.0237 8717841 347.0808 359.8788  0.74250148  6817
0 FALCON 9 R/B
1 41553U 16031B   18336.28928574  .00002035  00000-0  28948-2 0  9998
2 41553  20.4515 310.0226 8714059 347.0554 359.8815  0.74472109  6811
0 FALCON 9 R/B
1 41553U 16031B   18337.63194998  .00169502  00000-0  16546+0 0  9994
2 41553  20.4292 309.8908 8718720 347.3323 359.7982  0.74254942  6820
0 FALCON 9 R/B
1 41553U 16031B   18337.63196846  .00018368  00000-0  20979-1 0  9998
2 41553  20.4276 309.8899 8715532 347.3106 359.8003  0.74441119  6827
0 FALCON 9 R/B
1 41553U 16031B   18337.63201314 +.00012744 +00000-0 +14828-1 0  9993
2 41553 020.4276 309.8899 8715394 347.3098 359.8004 00.74451087006458
0 FALCON 9 R/B
1 41553U 16031B   18338.97466693 -.00002273  00000-0 -12888-2 0  9997
2 41553  20.4030 309.7553 8715193 347.5659 359.7246  0.74479778  6830
0 FALCON 9 R/B
1 41553U 16031B   18338.97477330 +.00081658 +00000-0 +79693-1 0  9995
2 41553 020.4039 309.7572 8717599 347.5751 359.7238 00.74357340006465
0 FALCON 9 R/B
1 41553U 16031B   18338.97479074  .00169039  00000-0  15275+0 0  9996
2 41553  20.4042 309.7571 8719351 347.5891 359.7226  0.74254865  6837
0 FALCON 9 R/B
1 41553U 16031B   18338.97480929 +.00014963 +00000-0 +16353-1 0  9992
2 41553 020.4027 309.7561 8716123 347.5672 359.7248 00.74444769006838
0 FALCON 9 R/B
1 41553U 16031B   18340.31768447  .00014902  00000-0  16116-1 0  9997
2 41553  20.3785 309.6220 8716354 347.8248 359.6764  0.74442870  6841
0 FALCON 9 R/B
1 41553U 16031B   18341.66067396 +.00014018 +00000-0 +15321-1 0  9996
2 41553 020.3589 309.4856 8716303 348.0803 359.6657 00.74444983006859
0 FALCON 9 R/B
1 41553U 16031B   18341.66072924  .00158867  00000-0  13810+0 0  9999
2 41553  20.3581 309.4857 8719495 348.1044 359.6635  0.74269826  6852
0 FALCON 9 R/B
1 41553U 16031B   18343.00375073  .00009002  00000-0  10005-1 0  9991
2 41553  20.3406 309.3439 8716285 348.3419 359.6895  0.74456827  6863
0 FALCON 9 R/B
1 41553U 16031B   18343.00375148  .00023542  00000-0  23926-1 0  9995
2 41553  20.3402 309.3438 8716629 348.3445 359.6892  0.74437417  6860
0 FALCON 9 R/B
1 41553U 16031B   18343.00377379 +.00054575 +00000-0 +51736-1 0  9993
2 41553 020.3407 309.3437 8717417 348.3503 359.6886 00.74398489006492
0 FALCON 9 R/B
1 41553U 16031B   18344.34681565  .00015383  00000-0  15175-1 0  9997
2 41553  20.3248 309.2014 8716735 348.6060 359.7360  0.74453233  6877
0 FALCON 9 R/B
1 41553U 16031B   18345.68987404  .00013839  00000-0  12317-1 0  9995
2 41553  20.3090 309.0582 8717287 348.8723 359.7893  0.74463420  6882
0 FALCON 9 R/B
1 41553U 16031B   18345.68988690 +.00007284 +00000-0 +67357-2 0  9995
2 41553 020.3088 309.0575 8717139 348.8731 359.7893 00.74472946006519
0 FALCON 9 R/B
1 41553U 16031B   18345.68988866  .00132987  00000-0  10534+0 0  9991
2 41553  20.3067 309.0592 8719655 348.8885 359.7876  0.74314197  6884
0 FALCON 9 R/B
1 41553U 16031B   18347.03272484  .00000457  00000-0  61558-3 0  9996
2 41553  20.2836 308.9216 8717147 349.1317 359.8338  0.74491134  6898
0 FALCON 9 R/B
1 41553U 16031B   18347.03275458  .00018273  00000-0  14846-1 0  9991
2 41553  20.2919 308.9168 8717803 349.1350 359.8336  0.74463839  6891
0 FALCON 9 R/B
1 41553U 16031B   18347.03276425  .00128966  00000-0  94071-1 0  9995
2 41553  20.2900 308.9168 8720131 349.1527 359.8319  0.74324988  6897
0 FALCON 9 R/B
1 41553U 16031B   18348.37542174 -.00043705 +00000-0 -35202-1 0  9990
2 41553 020.2703 308.7796 8716690 349.3858 359.8568 00.74552494006539
0 FALCON 9 R/B
1 41553U 16031B   18348.37546417  .00135326  00000-0  91986-1 0  9994
2 41553  20.2694 308.7774 8720685 349.4178 359.8538  0.74321197  6901
0 FALCON 9 R/B
1 41553U 16031B   18348.37549182  .00017810  00000-0  13488-1 0  9994
2 41553  20.2704 308.7772 8718220 349.3995 359.8556  0.74470183  6909
0 FALCON 9 R/B
1 41553U 16031B   18349.71794353 -.00000343  00000-0 -47769-4 0  9992
2 41553  20.2454 308.6411 8717856 349.6575 359.8483  0.74514251  6916
0 FALCON 9 R/B
1 41553U 16031B   18349.71795077  .00002339  00000-0  20829-2 0  9997
2 41553  20.2424 308.6413 8717513 349.6566 359.8483  0.74492346  6915
0 FALCON 9 R/B
1 41553U 16031B   18349.71796366  .00048296 -15893-5  23651-1 0  9998
2 41553  20.3848 308.5618 8721515 349.5968   0.3421  0.74432323  6913
0 FALCON 9 R/B
1 41553U 16031B   18351.06026767 -.00000412  00000-0  91326-4 0  9994
2 41553  20.2169 308.5008 8718024 349.9268 359.8110  0.74518092  6925
0 FALCON 9 R/B
1 41553U 16031B   18351.06029582  .00039687 -16317-5  18886-1 0  9998
2 41553  20.3671 308.4167 8721467 349.8537   0.3334  0.74453575  6922
0 FALCON 9 R/B
1 41553U 16031B   18351.06033311  .00025751  00000-0  19653-1 0  9999
2 41553  20.2133 308.5015 8718247 349.9290 359.8107  0.74469824  6920
0 FALCON 9 R/B
1 41553U 16031B   18352.40241067  .00000191  00000-0  78606-3 0  9993
2 41553  20.1868 308.3620 8717667 350.1886 359.7547  0.74523411  6935
0 FALCON 9 R/B
1 41553U 16031B   18352.40245245  .00029726  00000-0  23551-1 0  9997
2 41553  20.1855 308.3628 8718027 350.1873 359.7544  0.74469816  6931
0 FALCON 9 R/B
1 41553U 16031B   18352.40250016  .00009708  00000-0  83275-2 0  9997
2 41553  20.1854 308.3623 8717517 350.1835 359.7546  0.74498891  6933
0 FALCON 9 R/B
1 41553U 16031B   18353.74451760  .00120768  00000-0  76757-1 0  9990
2 41553  20.1588 308.2226 8720671 350.4617 359.6954  0.74368762  6947
0 FALCON 9 R/B
1 41553U 16031B   18353.74453784 +.00040189 +14615-5 +85917-2 0  9997
2 41553 020.3538 308.1195 8726451 350.3611 000.3142 00.74464455006577
0 FALCON 9 R/B
1 41553U 16031B   18353.74453784  .00040189  14615-5  85917-2 0  9997
2 41553  20.3538 308.1195 8726451 350.3611   0.3142  0.74464455  6948
0 FALCON 9 R/B
1 41553U 16031B   18353.74453788  .00040217  14615-5  85980-2 0  9993
2 41553  20.3538 308.1195 8726451 350.3611   0.3142  0.74464420  6940
0 FALCON 9 R/B
1 41553U 16031B   18355.08635763 -.00041442  33574-5 -65086-2 0  9990
2 41553  20.3500 307.9752 8726041 350.6061   0.3061  0.74566486  6958
0 FALCON 9 R/B
1 41553U 16031B   18356.42822593  .00017312  43184-5  90257-2 0  9991
2 41553  20.0917 307.9533 8721404 350.9576 359.6589  0.74550703  6967
0 FALCON 9 R/B
1 41553U 16031B   18356.42841109  .00229942  43302-5  66582-1 0  9994
2 41553  20.0847 307.9486 8726080 351.0045 359.6573  0.74338036  6960
0 FALCON 9 R/B
1 41553U 16031B   18356.42846748  .00299962  43348-5  81442-1 0  9999
2 41553  20.0863 307.9515 8727247 351.0087 359.6559  0.74265948  6968
0 FALCON 9 R/B
1 41553U 16031B   18357.76934448  .00110598  39105-5  34524-1 0  9994
2 41553  20.0396 307.8288 8719339 351.2436 359.7008  0.74892783  6972
0 FALCON 9 R/B
1 41553U 16031B   18357.76957161  .01310254  11253-4  15087+0 0  9997
2 41553  20.0338 307.8277 8732997 351.3620 359.6918  0.74129095  6975
0 FALCON 9 R/B
1 41553U 16031B   18357.76959375 +.01241670 +83590-5 +15016+0 0  9997
2 41553 020.0334 307.8278 8732515 351.3599 359.6920 00.74152094006601
0 FALCON 9 R/B
1 41553U 16031B   18357.76959375  .01241670  83590-5  15016+0 0  9997
2 41553  20.0334 307.8278 8732515 351.3599 359.6920  0.74152094  6971
0 FALCON 9 R/B
1 41553U 16031B   18364.20307650  .00029104 -11956-5  87308-2 0  9996
2 41553  19.8569 307.0941 8671013 352.6124 359.8211  0.79120678  7029
0 FALCON 9 R/B
1 41553U 16031B   19001.30782992  .00012193  98063-6  49989-2 0  9999
2 41553  19.8477 306.8515 8669580 353.0473 239.6778  0.79166738  7041
0 FALCON 9 R/B
1 41553U 16031B   19001.72842619  .00312240  14839-5  74161-1 0  9991
2 41553  19.8138 306.7975 8666025 353.2128 359.7279  0.79693760  7044
0 FALCON 9 R/B
1 41553U 16031B   19001.89320226  .00597075  16802-5  90154-1 0  9997
2 41553  19.8047 306.7835 8665802 353.2607  47.0086  0.79930991  7045
0 FALCON 9 R/B
1 41553U 16031B   19002.29961904  .00257925  21573-5  29595-1 0  9995
2 41553  19.7905 306.7356 8666574 353.3750 163.7056  0.79985920  7047
0 FALCON 9 R/B
1 41553U 16031B   19002.83268772 -.00002746  27663-5  10000-3 0  9997
2 41553  19.7896 306.6689 8666224 353.4045 317.9989  0.80085008  7042
0 FALCON 9 R/B
1 41553U 16031B   19002.99399120  .01781618  57569-5  45019+0 0  9990
2 41553  19.8348 306.6799 8643253 353.5550   4.5202  0.81684543  7043
0 FALCON 9 R/B
1 41553U 16031B   19003.58617203  .02786100  00000-0  26362+1 0  9997
2 41553  19.8037 306.4594 8570823 353.9854 187.2160  0.87273535  7056
0 FALCON 9 R/B
1 41553U 16031B   19003.85678811 -.00003597  33919-5  10000-3 0  9995
2 41553  19.8281 306.5175 8591454 353.6658 273.7331  0.86567607  7051
0 FALCON 9 R/B
1 41553U 16031B   19003.85678811  .05498632  12400-3  13895-1 0  9990
2 41553  19.7410 306.5137 8568151 354.9432 267.2177  0.90265210  7050
0 FALCON 9 R/B
1 41553U 16031B   19004.14282542 -.00000355  35700-5  10000-3 0  9999
2 41553  19.9701 306.6342 8598204 353.7982   2.8862  0.86581090  7059
0 FALCON 9 R/B
1 41553U 16031B   19005.17519994 -.00002978  18319-4  00000+0 0  9991
2 41553  20.0097 306.4873 6000661 353.6087  19.3429  4.23212511  7062
