0 TBA - TO BE ASSIGNED
1 60328U 24135B   24214.62580253 -.00001031  81120-6  00000+0 0  9991
2 60328  26.7384 146.5452 7270320 178.2990  49.4813  2.35764679    03
0 OBJECT B
1 60328U 24135B   24214.62580253 -.00001031  81120-6  00000+0 0  9991
2 60328  26.7384 146.5452 7270320 178.2990  49.4813  2.35764679    03
0 OBJECT B
1 60328U 24135B   24216.20598895 -.00001461  13894-5  00000+0 0  9997
2 60328  26.7102 146.0004 7266972 179.3301 309.7756  2.35609561    45
0 OBJECT B
1 60328U 24135B   24226.08033010  .00186063 -32782-6  27405-2 0  9998
2 60328  26.7351 141.9946 7220806 186.0492 154.4305  2.40916972   275
0 OBJECT B
1 60328U 24135B   24226.08033010  .00186063 -32782-6  27405-2 0  9998
2 60328  26.7351 141.9946 7220806 186.0492 154.4305  2.40916972   275
0 OBJECT B
1 60328U 24135B   24229.79381828  .00205073  12547-5  31472-2 0  9999
2 60328  26.7416 140.4663 7209916 188.6016 144.0515  2.42308400   367
0 OBJECT B
1 60328U 24135B   24229.79381828  .00205073  12547-5  31472-2 0  9999
2 60328  26.7416 140.4663 7209916 188.6016 144.0515  2.42308400   367
0 OBJECT B
1 60328U 24135B   24233.89442094  .00193839  10799-5  31345-2 0  9990
2 60328  26.7475 138.7653 7196733 191.4394 132.9929  2.43954230   469
0 OBJECT B
1 60328U 24135B   24233.89442094  .00193839  10799-5  31345-2 0  9990
2 60328  26.7475 138.7653 7196733 191.4394 132.9929  2.43954230   469
0 OBJECT B
1 60328U 24135B   24236.34227453  .00155926 -25513-6  25943-2 0  9997
2 60328  26.7499 137.7445 7189872 193.1444 126.6016  2.44800277   520
0 OBJECT B
1 60328U 24135B   24236.34227453  .00155926 -25513-6  25943-2 0  9997
2 60328  26.7499 137.7445 7189872 193.1444 126.6016  2.44800277   520
0 OBJECT B
1 60328U 24135B   24236.74950017  .00147175 -40006-6  24666-2 0  9992
2 60328  26.7546 137.5744 7188877 193.4292 125.5547  2.44919160   531
0 OBJECT B
1 60328U 24135B   24237.15652622  .00147153 -50393-6  24956-2 0  9997
2 60328  26.7562 137.4034 7187873 193.7134 124.5146  2.45033776   549
0 OBJECT B
1 60328U 24135B   24237.15652622  .00147153 -50393-6  24956-2 0  9997
2 60328  26.7562 137.4034 7187873 193.7134 124.5146  2.45033776   549
0 OBJECT B
1 60328U 24135B   24238.37648816  .00140439 -54894-6  24145-2 0  9992
2 60328  26.7564 136.8912 7185043 194.5663 121.4278  2.45383611   573
0 OBJECT B
1 60328U 24135B   24238.37648816  .00140439 -54894-6  24145-2 0  9992
2 60328  26.7564 136.8912 7185043 194.5663 121.4278  2.45383611   573
0 OBJECT B
1 60328U 24135B   24239.18890471  .00133715 -37062-6  23201-2 0  9997
2 60328  26.7593 136.5543 7183319 195.1337 119.4071  2.45597236   591
0 OBJECT B
1 60328U 24135B   24240.40622302  .00133926  11658-6  23530-2 0  9991
2 60328  26.7597 136.0423 7180674 195.9880 116.4126  2.45928607   621
0 OBJECT B
1 60328U 24135B   24240.40622302  .00133926  11658-6  23530-2 0  9991
2 60328  26.7597 136.0423 7180674 195.9880 116.4126  2.45928607   621
0 OBJECT B
1 60328U 24135B   24241.21693665  .00133829  51178-6  23798-2 0  9990
2 60328  26.7520 135.6969 7178990 196.5560 114.4559  2.46134806   648
0 OBJECT B
1 60328U 24135B   24242.02691164  .00148495  90144-6  25735-2 0  9996
2 60328  26.7532 135.3636 7177340 197.1274 112.5171  2.46384112   664
0 OBJECT B
1 60328U 24135B   24242.02691164  .00148495  90144-6  25735-2 0  9996
2 60328  26.7532 135.3636 7177340 197.1274 112.5171  2.46384112   664
0 OBJECT B
1 60328U 24135B   24251.68549005  .00116454 -19037-6  21880-2 0  9994
2 60328  26.7889 131.2800 7154480 203.9444  91.5407  2.49240045   906
0 OBJECT B
1 60328U 24135B   24251.68549005  .00116454 -19037-6  21880-2 0  9994
2 60328  26.7889 131.2800 7154480 203.9444  91.5407  2.49240045   906
0 OBJECT B
1 60328U 24135B   24252.08574633  .00118010 -27595-6  22057-2 0  9999
2 60328  26.7802 131.1091 7153714 204.2295  90.7450  2.49346319   910
0 OBJECT B
1 60328U 24135B   24252.08574633  .00118010 -27595-6  22057-2 0  9999
2 60328  26.7802 131.1091 7153714 204.2295  90.7450  2.49346319   910
0 OBJECT B
1 60328U 24135B   24253.28556722  .00114102 -34627-6  21382-2 0  9993
2 60328  26.7827 130.5944 7151455 205.0875  88.3900  2.49637430   943
0 OBJECT B
1 60328U 24135B   24253.28556722  .00114102 -34627-6  21382-2 0  9993
2 60328  26.7827 130.5944 7151455 205.0875  88.3900  2.49637430   943
0 OBJECT B
1 60328U 24135B   24253.68522322  .00116203 -29998-6  21951-2 0  9997
2 60328  26.7817 130.4234 7150639 205.3668  87.6394  2.49733720   958
0 OBJECT B
1 60328U 24135B   24253.68522322  .00116203 -29998-6  21951-2 0  9997
2 60328  26.7817 130.4234 7150639 205.3668  87.6394  2.49733720   958
0 OBJECT B
1 60328U 24135B   24256.08021392  .00118312  62025-6  22520-2 0  9998
2 60328  26.7874 129.4040 7146431 207.0746  83.1773  2.50281078  1011
0 OBJECT B
1 60328U 24135B   24256.08021392  .00118312  62025-6  22520-2 0  9998
2 60328  26.7874 129.4040 7146431 207.0746  83.1773  2.50281078  1011
0 OBJECT B
1 60328U 24135B   24256.47889609  .00138732  83215-6  26375-2 0  9998
2 60328  26.7872 129.2348 7145783 207.3597  82.4555  2.50367357  1020
0 OBJECT B
1 60328U 24135B   24256.47889609  .00138732  83215-6  26375-2 0  9998
2 60328  26.7872 129.2348 7145783 207.3597  82.4555  2.50367357  1020
0 OBJECT B
1 60328U 24135B   24256.87743202  .00116151  10400-5  22159-2 0  9992
2 60328  26.7862 129.0635 7144951 207.6465  81.7402  2.50474758  1037
0 OBJECT B
1 60328U 24135B   24257.67404540  .00130639  14063-5  24232-2 0  9990
2 60328  26.7734 128.7420 7143642 208.2058  80.3583  2.50684444  1056
0 OBJECT B
1 60328U 24135B   24258.07209910  .00138093  15483-5  26357-2 0  9998
2 60328  26.7855 128.5553 7142547 208.4966  79.6581  2.50788819  1069
0 OBJECT B
1 60328U 24135B   24258.07209910  .00138093  15483-5  26357-2 0  9998
2 60328  26.7855 128.5553 7142547 208.4966  79.6581  2.50788819  1069
0 OBJECT B
1 60328U 24135B   24259.26529689  .00130672  17275-5  25304-2 0  9995
2 60328  26.7857 128.0418 7139913 209.3541  77.6203  2.51114158  1090
0 OBJECT B
1 60328U 24135B   24259.26529689  .00130672  17275-5  25304-2 0  9995
2 60328  26.7857 128.0418 7139913 209.3541  77.6203  2.51114158  1090
0 OBJECT B
1 60328U 24135B   24260.05996423  .00148842  16121-5  28347-2 0  9995
2 60328  26.7854 127.6985 7138444 209.9262  76.2881  2.51325250  1112
0 OBJECT B
1 60328U 24135B   24260.05996423  .00148842  16121-5  28347-2 0  9995
2 60328  26.7854 127.6985 7138444 209.9262  76.2881  2.51325250  1112
0 OBJECT B
1 60328U 24135B   24260.45704918  .00176035  14863-5  33329-2 0  9997
2 60328  26.7832 127.5301 7137785 210.2115  75.6310  2.51416436  1126
0 OBJECT B
1 60328U 24135B   24261.25073558  .00141656  11240-5  27153-2 0  9990
2 60328  26.7811 127.1884 7135825 210.7812  74.3485  2.51654790  1145
0 OBJECT B
1 60328U 24135B   24261.25073558  .00141656  11240-5  27153-2 0  9990
2 60328  26.7811 127.1884 7135825 210.7812  74.3485  2.51654790  1145
0 OBJECT B
1 60328U 24135B   24261.25073875  .00188081  11239-5  35583-2 0  9999
2 60328  26.7856 127.1887 7136169 210.7837  74.3366  2.51625552  1148
0 OBJECT B
1 60328U 24135B   24261.64735457  .00133360  90264-6  25280-2 0  9992
2 60328  26.7862 127.0202 7135082 211.0644  73.7157  2.51765649  1152
0 OBJECT B
1 60328U 24135B   24261.64735457  .00133360  90264-6  25280-2 0  9992
2 60328  26.7862 127.0202 7135082 211.0644  73.7157  2.51765649  1152
0 CZ-3B R/B
1 60328U 24135B   24262.44003338  .00119935  42670-6  23090-2 0  9994
2 60328  26.7855 126.6775 7133342 211.6375  72.4561  2.51968320  1176
0 CZ-3B R/B
1 60328U 24135B   24262.44003338  .00119935  42670-6  23090-2 0  9994
2 60328  26.7855 126.6775 7133342 211.6375  72.4561  2.51968320  1176
0 CZ-3B R/B
1 60328U 24135B   24264.02357308  .00110914 -39094-6  21286-2 0  9999
2 60328  26.7930 125.9977 7130321 212.7767  70.0113  2.52360504  1210
0 CZ-3B R/B
1 60328U 24135B   24264.02357308  .00110914 -39094-6  21286-2 0  9999
2 60328  26.7930 125.9977 7130321 212.7767  70.0113  2.52360504  1210
0 CZ-3B R/B
1 60328U 24135B   24265.60491671  .00101281 -66250-6  19697-2 0  9990
2 60328  26.7897 125.3144 7127528 213.9149  67.6543  2.52705730  1251
0 CZ-3B R/B
1 60328U 24135B   24265.99993501  .00103047 -62650-6  20057-2 0  9995
2 60328  26.7888 125.1447 7126847 214.2018  67.0743  2.52794524  1263
0 CZ-3B R/B
1 60328U 24135B   24265.99993501  .00103047 -62650-6  20057-2 0  9995
2 60328  26.7888 125.1447 7126847 214.2018  67.0743  2.52794524  1263
0 CZ-3B R/B
1 60328U 24135B   24266.39481889  .00103220 -55255-6  20164-2 0  9996
2 60328  26.7896 124.9724 7126176 214.4901  66.4970  2.52878432  1272
0 CZ-3B R/B
1 60328U 24135B   24266.78958256  .00101035 -44487-6  19660-2 0  9992
2 60328  26.7937 124.8002 7125605 214.7780  65.9248  2.52960029  1287
0 CZ-3B R/B
1 60328U 24135B   24267.97316859  .00105710  25487-7  20637-2 0  9990
2 60328  26.7905 124.2930 7123702 215.6277  64.2743  2.53210268  1313
0 CZ-3B R/B
1 60328U 24135B   24267.97316859  .00105710  25487-7  20637-2 0  9990
2 60328  26.7905 124.2930 7123702 215.6277  64.2743  2.53210268  1313
0 CZ-3B R/B
1 60328U 24135B   24271.51665651  .00127170  14264-5  24437-2 0  9997
2 60328  26.8000 122.7548 7117366 218.2051  59.5870  2.54072663  1400
0 CZ-3B R/B
1 60328U 24135B   24271.51665651  .00127170  14264-5  24437-2 0  9997
2 60328  26.8000 122.7548 7117366 218.2051  59.5870  2.54072663  1400
0 CZ-3B R/B
1 60328U 24135B   24271.90963437  .00133391  14918-5  25550-2 0  9998
2 60328  26.7988 122.5848 7116616 218.4917  59.0935  2.54174983  1411
0 CZ-3B R/B
1 60328U 24135B   24271.90963437  .00133391  14918-5  25550-2 0  9998
2 60328  26.7988 122.5848 7116616 218.4917  59.0935  2.54174983  1411
0 CZ-3B R/B
1 60328U 24135B   24272.69513778  .00136204  15482-5  25909-2 0  9995
2 60328  26.8034 122.2464 7115193 219.0497  58.1464  2.54370661  1434
0 CZ-3B R/B
1 60328U 24135B   24272.69513778  .00136204  15482-5  25909-2 0  9995
2 60328  26.8034 122.2464 7115193 219.0497  58.1464  2.54370661  1434
0 CZ-3B R/B
1 60328U 24135B   24274.26417390  .00138938  13758-5  26182-2 0  9997
2 60328  26.8035 121.5631 7111781 220.1983  56.2639  2.54828302  1472
0 CZ-3B R/B
1 60328U 24135B   24274.26417390  .00138938  13758-5  26182-2 0  9997
2 60328  26.8035 121.5631 7111781 220.1983  56.2639  2.54828302  1472
0 CZ-3B R/B
1 60328U 24135B   24274.65599268  .00140941  12802-5  26626-2 0  9994
2 60328  26.8039 121.3891 7110817 220.4863  55.8052  2.54950136  1487
0 CZ-3B R/B
1 60328U 24135B   24276.61259597  .00131382  58917-6  24548-2 0  9998
2 60328  26.8070 120.5369 7106642 221.9097  53.5932  2.55507485  1533
0 CZ-3B R/B
1 60328U 24135B   24276.61259597  .00131382  58917-6  24548-2 0  9998
2 60328  26.8070 120.5369 7106642 221.9097  53.5932  2.55507485  1533
0 CZ-3B R/B
1 60328U 24135B   24277.00342800  .00121097  42802-6  22619-2 0  9997
2 60328  26.8076 120.3655 7105882 222.1965  53.1588  2.55606615  1546
0 CZ-3B R/B
1 60328U 24135B   24277.78466560  .00126186  10990-6  23745-2 0  9990
2 60328  26.8078 120.0242 7104286 222.7671  52.3095  2.55803032  1562
0 CZ-3B R/B
1 60328U 24135B   24277.78466560  .00126186  10990-6  23745-2 0  9990
2 60328  26.8078 120.0242 7104286 222.7671  52.3095  2.55803032  1562
0 CZ-3B R/B
1 60328U 24135B   24278.56531250  .00120526 -17588-6  22329-2 0  9996
2 60328  26.8056 119.6827 7102943 223.3357  51.4737  2.55998832  1585
0 CZ-3B R/B
1 60328U 24135B   24278.56531250  .00120526 -17588-6  22329-2 0  9996
2 60328  26.8056 119.6827 7102943 223.3357  51.4737  2.55998832  1585
0 CZ-3B R/B
1 60328U 24135B   24279.34539574  .00125087 -39624-6  23303-2 0  9995
2 60328  26.8048 119.3409 7101431 223.9084  50.6522  2.56188318  1600
0 CZ-3B R/B
1 60328U 24135B   24280.12493820  .00108571 -52053-6  20051-2 0  9993
2 60328  26.8076 118.9998 7100197 224.4773  49.8468  2.56361537  1625
0 CZ-3B R/B
1 60328U 24135B   24280.12493820  .00108571 -52053-6  20051-2 0  9993
2 60328  26.8076 118.9998 7100197 224.4773  49.8468  2.56361537  1625
0 CZ-3B R/B
1 60328U 24135B   24281.68244906  .00115905 -40054-6  20957-2 0  9996
2 60328  26.8051 118.3182 7097675 225.6174  48.2805  2.56725032  1667
0 CZ-3B R/B
1 60328U 24135B   24282.07149033  .00142533 -29128-6  25613-2 0  9995
2 60328  26.8069 118.1480 7096976 225.9043  47.8975  2.56826760  1670
0 CZ-3B R/B
1 60328U 24135B   24282.07149033  .00142533 -29128-6  25613-2 0  9995
2 60328  26.8069 118.1480 7096976 225.9043  47.8975  2.56826760  1670
0 CZ-3B R/B
1 60328U 24135B   24283.23775590  .00110204  18622-6  19738-2 0  9994
2 60328  26.8057 117.6351 7095009 226.7623  46.7744  2.57095134  1707
0 CZ-3B R/B
1 60328U 24135B   24283.23775590  .00110204  18622-6  19738-2 0  9994
2 60328  26.8057 117.6351 7095009 226.7623  46.7744  2.57095134  1707
0 CZ-3B R/B
1 60328U 24135B   24284.01464966  .00114648  57289-6  20595-2 0  9994
2 60328  26.8066 117.2943 7093810 227.3306  46.0485  2.57252144  1726
0 CZ-3B R/B
1 60328U 24135B   24284.01464966  .00114648  57289-6  20595-2 0  9994
2 60328  26.8066 117.2943 7093810 227.3306  46.0485  2.57252144  1726
0 CZ-3B R/B
1 60328U 24135B   24284.79108007  .00110471  94581-6  20021-2 0  9990
2 60328  26.8087 116.9523 7092478 227.9033  45.3351  2.57418741  1744
0 CZ-3B R/B
1 60328U 24135B   24284.79108007  .00110471  94581-6  20021-2 0  9990
2 60328  26.8087 116.9523 7092478 227.9033  45.3351  2.57418741  1744
0 CZ-3B R/B
1 60328U 24135B   24285.56701296  .00116301  12417-5  20788-2 0  9990
2 60328  26.8077 116.6099 7091270 228.4736  44.6370  2.57598488  1765
0 CZ-3B R/B
1 60328U 24135B   24285.95478085  .00111630  13432-5  19693-2 0  9991
2 60328  26.8079 116.4392 7090841 228.7572  44.2928  2.57674266  1770
0 CZ-3B R/B
1 60328U 24135B   24285.95478085  .00111630  13432-5  19693-2 0  9991
2 60328  26.8079 116.4392 7090841 228.7572  44.2928  2.57674266  1770
0 CZ-3B R/B
1 60328U 24135B   24286.72999140  .00099900  14281-5  17682-2 0  9991
2 60328  26.8086 116.0960 7089652 229.3314  43.6127  2.57828033  1793
0 CZ-3B R/B
1 60328U 24135B   24287.11744113  .00100187  14062-5  17562-2 0  9997
2 60328  26.8096 115.9259 7089262 229.6156  43.2771  2.57892032  1800
0 CZ-3B R/B
1 60328U 24135B   24287.11744113  .00100187  14062-5  17562-2 0  9997
2 60328  26.8096 115.9259 7089262 229.6156  43.2771  2.57892032  1800
0 CZ-3B R/B
1 60328U 24135B   24287.89204279  .00092055  12346-5  16162-2 0  9998
2 60328  26.8101 115.5846 7088188 230.1885  42.6169  2.58029890  1828
0 CZ-3B R/B
1 60328U 24135B   24288.27919021  .00102141  10910-5  17787-2 0  9996
2 60328  26.8133 115.4126 7087712 230.4775  42.2877  2.58100644  1847
0 CZ-3B R/B
1 60328U 24135B   24288.27919021  .00102141  10910-5  17787-2 0  9996
2 60328  26.8133 115.4126 7087712 230.4775  42.2877  2.58100644  1825
0 CZ-3B R/B
1 60328U 24135B   24288.66623570  .00093964  91593-6  16265-2 0  9999
2 60328  26.8139 115.2417 7087197 230.7619  41.9677  2.58175457  1849
0 CZ-3B R/B
1 60328U 24135B   24288.66623570  .00093964  91593-6  16265-2 0  9999
2 60328  26.8139 115.2417 7087197 230.7619  41.9677  2.58175457  1849
0 CZ-3B R/B
1 60328U 24135B   24290.59989521  .00088110 -16027-6  14881-2 0  9994
2 60328  26.8172 114.3862 7084686 232.1963  40.3958  2.58527533  1894
0 CZ-3B R/B
1 60328U 24135B   24290.59989521  .00088110 -16027-6  14881-2 0  9994
2 60328  26.8172 114.3862 7084686 232.1963  40.3958  2.58527533  1894
0 CZ-3B R/B
1 60328U 24135B   24292.53090637  .00085703 -84533-6  14196-2 0  9992
2 60328  26.8168 113.5270 7082005 233.6347  38.8901  2.58900682  1944
0 CZ-3B R/B
1 60328U 24135B   24292.53090637  .00085703 -84533-6  14196-2 0  9992
2 60328  26.8168 113.5270 7082005 233.6347  38.8901  2.58900682  1944
0 CZ-3B R/B
1 60328U 24135B   24292.91678757  .00097129 -87671-6  15999-2 0  9992
2 60328  26.8170 113.3472 7081556 233.9271  38.5908  2.58968836  1958
0 CZ-3B R/B
1 60328U 24135B   24292.91678757  .00097129 -87671-6  15999-2 0  9992
2 60328  26.8170 113.3472 7081556 233.9271  38.5908  2.58968836  1958
0 CZ-3B R/B
1 60328U 24135B   24294.07381255  .00101074 -75145-6  16545-2 0  9991
2 60328  26.8294 112.8265 7080004 234.7923  37.7247  2.59185012  1987
0 CZ-3B R/B
1 60328U 24135B   24294.45929438  .00103092 -64650-6  16983-2 0  9991
2 60328  26.8235 112.6686 7079442 235.0697  37.4532  2.59252039  1992
0 CZ-3B R/B
1 60328U 24135B   24294.45929438  .00103092 -64650-6  16983-2 0  9991
2 60328  26.8235 112.6686 7079442 235.0697  37.4532  2.59252039  1992
0 CZ-3B R/B
1 60328U 24135B   24297.15464393  .00096149  47170-6  15458-2 0  9992
2 60328  26.8053 111.4793 7075808 237.0569  35.5816  2.59778482  2066
0 CZ-3B R/B
1 60328U 24135B   24297.15464393  .00096149  47170-6  15458-2 0  9992
2 60328  26.8053 111.4793 7075808 237.0569  35.5816  2.59778482  2066
0 CZ-3B R/B
1 60328U 24135B   24298.69232865  .00125344  99096-6  19611-2 0  9998
2 60328  26.8112 110.7913 7073396 238.2088  34.5640  2.60136104  2107
0 CZ-3B R/B
1 60328U 24135B   24300.22798470  .00108571  11947-5  16720-2 0  9999
2 60328  26.8170 110.1017 7071133 239.3633  33.5851  2.60459248  2149
0 CZ-3B R/B
1 60328U 24135B   24300.61161202  .00125082  11910-5  18641-2 0  9999
2 60328  26.8139 109.9310 7070746 239.6438  33.3512  2.60552476  2151
0 CZ-3B R/B
1 60328U 24135B   24300.61161202  .00125082  11910-5  18641-2 0  9999
2 60328  26.8139 109.9310 7070746 239.6438  33.3512  2.60552476  2151
0 CZ-3B R/B
1 60328U 24135B   24300.99510145  .00120286  11662-5  18011-2 0  9990
2 60328  26.8205 109.7616 7069931 239.9263  33.1237  2.60653929  2163
0 CZ-3B R/B
1 60328U 24135B   24301.76164032  .00109235  10576-5  16415-2 0  9996
2 60328  26.8123 109.4218 7068424 240.4970  32.6687  2.60847986  2188
0 CZ-3B R/B
1 60328U 24135B   24301.76164032  .00109235  10576-5  16415-2 0  9996
2 60328  26.8123 109.4218 7068424 240.4970  32.6687  2.60847986  2188
0 CZ-3B R/B
1 60328U 24135B   24302.52764166  .00119144  87881-6  17656-2 0  9997
2 60328  26.8149 109.0750 7067211 241.0725  32.2144  2.61024293  2207
0 CZ-3B R/B
1 60328U 24135B   24302.52764166  .00119144  87881-6  17656-2 0  9997
2 60328  26.8149 109.0750 7067211 241.0725  32.2144  2.61024293  2207
0 CZ-3B R/B
1 60328U 24135B   24302.91043634  .00117438  76716-6  17047-2 0  9993
2 60328  26.8235 108.8973 7066750 241.3668  31.9829  2.61111855  2211
0 CZ-3B R/B
1 60328U 24135B   24302.91043634  .00117438  76716-6  17047-2 0  9993
2 60328  26.8235 108.8973 7066750 241.3668  31.9829  2.61111855  2211
0 CZ-3B R/B
1 60328U 24135B   24305.58679977  .00097018 -20537-6  13710-2 0  9999
2 60328  26.8087 107.6953 7062803 243.3726  30.4698  2.61660734  2283
0 CZ-3B R/B
1 60328U 24135B   24305.58679977  .00097018 -20537-6  13710-2 0  9999
2 60328  26.8087 107.6953 7062803 243.3726  30.4698  2.61660734  2283
0 CZ-3B R/B
1 60328U 24135B   24307.87696544  .00081734 -73899-6  11197-2 0  9996
2 60328  26.8216 106.6632 7060342 245.0963  29.2247  2.62022424  2340
0 CZ-3B R/B
1 60328U 24135B   24307.87696544  .00081734 -73899-6  11197-2 0  9996
2 60328  26.8216 106.6632 7060342 245.0963  29.2247  2.62022424  2340
0 CZ-3B R/B
1 60328U 24135B   24309.02095042  .00078583 -68125-6  10601-2 0  9994
2 60328  26.8170 106.1533 7059290 245.9483  28.6285  2.62183811  2376
0 CZ-3B R/B
1 60328U 24135B   24309.02095042  .00078583 -68125-6  10601-2 0  9994
2 60328  26.8170 106.1533 7059290 245.9483  28.6285  2.62183811  2376
0 CZ-3B R/B
1 60328U 24135B   24310.54515778  .00077554 -22811-6  10259-2 0  9994
2 60328  26.8011 105.4649 7057772 247.0957  27.8515  2.62403942  2414
0 CZ-3B R/B
1 60328U 24135B   24310.54515778  .00077554 -22811-6  10259-2 0  9994
2 60328  26.8011 105.4649 7057772 247.0957  27.8515  2.62403942  2414
0 CZ-3B R/B
1 60328U 24135B   24318.52791732  .00064576 -49806-6  63802-3 0  9992
2 60328  26.8897 101.8473 7051197 253.1331  24.2081  2.63467322  2625
0 CZ-3B R/B
1 60328U 24135B   25035.16618353  .00420618  18846-6  44331-3 0  9994
2 60328  26.8797  62.5281 6897642 318.4635   5.8772  2.86376884  4865
0 CZ-3B R/B
1 60328U 24135B   25039.67645867  .00383970 -53914-6  42603-3 0  9999
2 60328  26.8860  60.2070 6871310 322.3394   5.3095  2.89938206  4999
0 CZ-3B R/B
1 60328U 24135B   25039.67645867  .00383970 -53914-6  42603-3 0  9999
2 60328  26.8860  60.2070 6871310 322.3394   5.3095  2.89938206  4911
0 CZ-3B R/B
1 60328U 24135B   25040.36548699  .00380404 -43826-6  39678-3 0  9990
2 60328  26.8869  59.8691 6867928 322.9112   5.2204  2.90483363  5011
0 CZ-3B R/B
1 60328U 24135B   25040.36548699  .00380404 -43826-6  39678-3 0  9990
2 60328  26.8869  59.8691 6867928 322.9112   5.2204  2.90483363  4931
0 CZ-3B R/B
1 60328U 24135B   25041.39672657  .00423344 -21230-6  40999-3 0  9990
2 60328  26.8977  59.3397 6862662 323.7784   5.0857  2.91307005  5047
0 CZ-3B R/B
1 60328U 24135B   25041.39672657  .00423344 -21230-6  40999-3 0  9990
2 60328  26.8977  59.3397 6862662 323.7784   5.0857  2.91307005  4967
0 CZ-3B R/B
1 60328U 24135B   25042.08254085  .00445419 -33915-7  44062-3 0  9994
2 60328  26.9003  58.9840 6858313 324.3695   4.9965  2.91881478  5063
0 CZ-3B R/B
1 60328U 24135B   25042.08254085  .00445419 -33914-7  44062-3 0  9993
2 60328  26.9003  58.9840 6858313 324.3695   4.9965  2.91881478  4983
0 CZ-3B R/B
1 60328U 24135B   25043.10869009  .00506200  24029-6  49170-3 0  9991
2 60328  26.9020  58.4514 6851708 325.2581   4.8652  2.92819891  5018
0 CZ-3B R/B
1 60328U 24135B   25043.44996568  .00501993  32715-6  48052-3 0  9992
2 60328  26.9017  58.2741 6849432 325.5556   4.8223  2.93154442  5109
0 CZ-3B R/B
1 60328U 24135B   25043.44996599  .00527295  40140-5  49266-3 0  9997
2 60328  26.9016  58.2750 6849701 325.5531   4.8221  2.93150054  5103
0 CZ-3B R/B
1 60328U 24135B   25044.13135063  .00563929  48724-6  53830-3 0  9998
2 60328  26.9026  57.9190 6844493 326.1470   4.7386  2.93842816  5048
0 CZ-3B R/B
1 60328U 24135B   25044.13135172  .00576835  10455-4  52827-3 0  9992
2 60328  26.9025  57.9198 6844880 326.1465   4.7380  2.93846736  5127
0 CZ-3B R/B
1 60328U 24135B   25044.13135172  .00576835  10455-4  52827-3 0  9992
2 60328  26.9025  57.9198 6844880 326.1465   4.7380  2.93846736  5048
0 CZ-3B R/B
1 60328U 24135B   25044.47141005  .00592428  13521-4  54656-3 0  9996
2 60328  26.9030  57.7418 6842215 326.4419   4.6973  2.94207546  5137
0 CZ-3B R/B
1 60328U 24135B   25044.47141005  .00592428  13521-4  54656-3 0  9996
2 60328  26.9030  57.7418 6842215 326.4419   4.6973  2.94207546  5058
0 CZ-3B R/B
1 60328U 24135B   25045.15021831  .00554403  19084-4  51890-3 0  9994
2 60328  26.9043  57.3854 6836434 327.0375   4.6172  2.94993168  5071
0 CZ-3B R/B
1 60328U 24135B   25045.48894688  .00570291  21527-4  53009-3 0  9990
2 60328  26.9048  57.2068 6833692 327.3352   4.5774  2.95383717  5164
0 CZ-3B R/B
1 60328U 24135B   25045.48894688  .00570291  21527-4  53009-3 0  9990
2 60328  26.9048  57.2068 6833692 327.3352   4.5774  2.95383717  5085
0 CZ-3B R/B
1 60328U 24135B   25045.48895257  .00597745  21534-4  54264-3 0  9998
2 60328  26.9036  57.2089 6833963 327.3328   4.5772  2.95377028  5164
0 CZ-3B R/B
1 60328U 24135B   25045.48895257  .00597745  21534-4  54264-3 0  9998
2 60328  26.9036  57.2089 6833963 327.3328   4.5772  2.95377028  5085
0 CZ-3B R/B
1 60328U 24135B   25046.50237347  .00582570  27148-4  52948-3 0  9996
2 60328  26.9056  56.6728 6825284 328.2260   4.4605  2.96583897  5192
0 CZ-3B R/B
1 60328U 24135B   25046.50237347  .00582570  27148-4  52948-3 0  9996
2 60328  26.9056  56.6728 6825284 328.2260   4.4605  2.96583897  5114
0 CZ-3B R/B
1 60328U 24135B   25047.51178419  .00677206  29960-4  58642-3 0  9994
2 60328  26.9039  56.1371 6817416 329.1153   4.3445  2.97743334  5221
0 CZ-3B R/B
1 60328U 24135B   25047.51178419  .00677206  29960-4  58642-3 0  9994
2 60328  26.9039  56.1371 6817416 329.1153   4.3445  2.97743334  5142
0 CZ-3B R/B
1 60328U 24135B   25048.18248546  .00563427  30159-4  48977-3 0  9998
2 60328  26.9037  55.7740 6811539 329.7151   4.2678  2.98558911  5164
0 CZ-3B R/B
1 60328U 24135B   25048.51716788  .00682330  29813-4  59418-3 0  9995
2 60328  26.9072  55.5944 6808412 330.0144   4.2301  2.98990426  5254
0 CZ-3B R/B
1 60328U 24135B   25048.51716788  .00682330  29813-4  59418-3 0  9995
2 60328  26.9072  55.5944 6808412 330.0144   4.2301  2.98990426  5175
0 CZ-3B R/B
1 60328U 24135B   25048.51716948  .00694915  29813-4  59514-3 0  9992
2 60328  26.9093  55.6017 6808573 330.0091   4.2306  2.98990413  5259
0 CZ-3B R/B
1 60328U 24135B   25048.51716948  .00694915  29813-4  59514-3 0  9992
2 60328  26.9093  55.6017 6808573 330.0091   4.2306  2.98990413  5170
0 CZ-3B R/B
1 60328U 24135B   25049.18494511  .00675604  28146-4  57898-3 0  9990
2 60328  26.9100  55.2442 6801608 330.6067   4.1567  2.99961135  5198
0 CZ-3B R/B
1 60328U 24135B   25049.51797740  .00781123  26907-4  67350-3 0  9998
2 60328  26.9108  55.0649 6797667 330.9057   4.1205  3.00501722  5288
0 CZ-3B R/B
1 60328U 24135B   25049.51797740  .00781123  26907-4  67350-3 0  9998
2 60328  26.9108  55.0649 6797667 330.9057   4.1205  3.00501722  5200
0 CZ-3B R/B
1 60328U 24135B   25051.17384036  .00815018  17212-4  68828-3 0  9994
2 60328  26.9153  54.1662 6777721 332.4005   3.9366  3.03318140  5336
0 CZ-3B R/B
1 60328U 24135B   25051.17384036  .00815018  17212-4  68828-3 0  9994
2 60328  26.9153  54.1662 6777721 332.4005   3.9366  3.03318140  5257
0 CZ-3B R/B
1 60328U 24135B   25052.81470067  .00806245  45371-5  60637-3 0  9996
2 60328  26.9124  53.2665 6759626 333.8850   3.7426  3.06016582  5304
0 CZ-3B R/B
1 60328U 24135B   25053.14121128  .00786140  20535-5  65177-3 0  9994
2 60328  26.9173  53.0900 6755285 334.1939   3.7019  3.06489351  5392
0 CZ-3B R/B
1 60328U 24135B   25053.14121128  .00786140  20535-5  65177-3 0  9994
2 60328  26.9173  53.0900 6755285 334.1939   3.7019  3.06489351  5314
0 CZ-3B R/B
1 60328U 24135B   25054.76628766  .00786176 -78012-5  62114-3 0  9994
2 60328  26.9161  52.1938 6738274 335.6867   3.4933  3.08949777  5448
0 CZ-3B R/B
1 60328U 24135B   25054.76628766  .00786176 -78012-5  62114-3 0  9994
2 60328  26.9161  52.1938 6738274 335.6867   3.4933  3.08949777  5369
0 CZ-3B R/B
1 60328U 24135B   25055.08957246  .00856634 -89380-5  64765-3 0  9999
2 60328  26.9175  52.0136 6734393 335.9898   3.4511  3.09559719  5454
0 CZ-3B R/B
1 60328U 24135B   25055.08957246  .00856634 -89380-5  64765-3 0  9999
2 60328  26.9175  52.0136 6734393 335.9898   3.4511  3.09559719  5375
0 CZ-3B R/B
1 60328U 24135B   25056.05615207  .00931798 -10137-4  74059-3 0  9990
2 60328  26.9195  51.4732 6722648 336.8910   3.3236  3.11147429  5486
0 CZ-3B R/B
1 60328U 24135B   25056.05615207  .00931798 -10137-4  74059-3 0  9990
2 60328  26.9195  51.4732 6722648 336.8910   3.3236  3.11147429  5408
0 CZ-3B R/B
1 60328U 24135B   25058.29158662  .01203278  65156-6  84907-3 0  9996
2 60328  26.9224  50.2110 6694618 339.0046   3.0247  3.15292672  5558
0 CZ-3B R/B
1 60328U 24135B   25058.29158662  .01203278  65156-6  84907-3 0  9996
2 60328  26.9224  50.2110 6694618 339.0046   3.0247  3.15292672  5479
0 CZ-3B R/B
1 60328U 24135B   25058.60835957  .01129731  33479-5  84864-3 0  9995
2 60328  26.9238  50.0303 6688951 339.3064   2.9848  3.16006851  5560
0 CZ-3B R/B
1 60328U 24135B   25058.60835957  .01129731  33479-5  84864-3 0  9995
2 60328  26.9238  50.0303 6688951 339.3064   2.9848  3.16006851  5481
0 CZ-3B R/B
1 60328U 24135B   25058.60836570  .01153148  33530-5  82063-3 0  9993
2 60328  26.9235  50.0306 6689694 339.3047   2.9841  3.15980153  5564
0 CZ-3B R/B
1 60328U 24135B   25058.60836570  .01153148  33530-5  82063-3 0  9993
2 60328  26.9235  50.0306 6689694 339.3047   2.9841  3.15980153  5485
0 CZ-3B R/B
1 60328U 24135B   25060.49393949  .01473497  19806-4  99761-3 0  9995
2 60328  26.9265  48.9425 6658261 341.1236   2.7453  3.20533346  5620
0 CZ-3B R/B
1 60328U 24135B   25060.49393949  .01473497  19806-4  99761-3 0  9995
2 60328  26.9265  48.9425 6658261 341.1236   2.7453  3.20533346  5541
0 CZ-3B R/B
1 60328U 24135B   25062.34979952  .01749843  26248-4  11819-2 0  9991
2 60328  26.9273  47.8501 6618227 342.9619   2.5191  3.26269538  5682
0 CZ-3B R/B
1 60328U 24135B   25062.34979952  .01749843  26248-4  11819-2 0  9991
2 60328  26.9273  47.8501 6618227 342.9619   2.5191  3.26269538  5604
0 CZ-3B R/B
1 60328U 24135B   25062.65578954  .01539275  25761-4  99363-3 0  9998
2 60328  26.9271  47.6670 6612100 343.2610   2.4815  3.27219412  5694
0 CZ-3B R/B
1 60328U 24135B   25062.65578954  .01539275  25761-4  99363-3 0  9998
2 60328  26.9271  47.6670 6612100 343.2610   2.4815  3.27219412  5616
0 CZ-3B R/B
1 60328U 24135B   25063.26515263  .02018168  23726-4  13116-2 0  9994
2 60328  26.9265  47.3017 6597627 343.8834   2.4044  3.29290553  5634
0 CZ-3B R/B
1 60328U 24135B   25063.26515487  .01866709  23692-4  12930-2 0  9998
2 60328  26.9260  47.3031 6597071 343.8764   2.4060  3.29273544  5718
0 CZ-3B R/B
1 60328U 24135B   25063.26515487  .01866709  23692-4  12930-2 0  9998
2 60328  26.9260  47.3031 6597071 343.8764   2.4060  3.29273544  5639
0 CZ-3B R/B
1 60328U 24135B   25064.17194607  .01601560  18014-4  10677-2 0  9996
2 60328  26.9248  46.7526 6577002 344.7933   2.2878  3.32226669  5744
0 CZ-3B R/B
1 60328U 24135B   25064.17194607  .01601560  18014-4  10677-2 0  9996
2 60328  26.9248  46.7526 6577002 344.7933   2.2878  3.32226669  5665
0 CZ-3B R/B
1 60328U 24135B   25065.37045456  .01582393  83425-5  98665-3 0  9991
2 60328  26.9289  46.0166 6554889 346.0184   2.1181  3.35529403  5700
0 CZ-3B R/B
1 60328U 24135B   25066.85089262  .01390192 -21215-5  86715-3 0  9995
2 60328  26.9288  45.0975 6525200 347.5522   1.8964  3.39840105  5831
0 CZ-3B R/B
1 60328U 24135B   25067.14482089  .01349331 -35365-5  80287-3 0  9990
2 60328  26.9304  44.9116 6520786 347.8595   1.8493  3.40557862  5847
0 CZ-3B R/B
1 60328U 24135B   25067.14482089  .01349331 -35365-5  80287-3 0  9990
2 60328  26.9304  44.9116 6520786 347.8595   1.8493  3.40557862  5768
0 CZ-3B R/B
1 60328U 24135B   25068.02205746  .01654825 -58755-5  97270-3 0  9996
2 60328  26.9304  44.3564 6501757 348.7942   1.7089  3.43353429  5791
0 CZ-3B R/B
1 60328U 24135B   25069.46818933  .01872701 -39350-5  10782-2 0  9990
2 60328  26.9303  43.4295 6469090 350.3433   1.4710  3.48170842  5922
0 CZ-3B R/B
1 60328U 24135B   25069.46818933  .01872701 -39350-5  10782-2 0  9990
2 60328  26.9303  43.4295 6469090 350.3433   1.4710  3.48170842  5843
0 CZ-3B R/B
1 60328U 24135B   25070.04090331  .01576183 -15545-5  88829-3 0  9993
2 60328  26.9294  43.0578 6456297 350.9567   1.3753  3.50085628  5948
0 CZ-3B R/B
1 60328U 24135B   25070.04090331  .01576183 -15545-5  88829-3 0  9993
2 60328  26.9294  43.0578 6456297 350.9567   1.3753  3.50085628  5869
0 CZ-3B R/B
1 60328U 24135B   25070.61061433  .01970486  16199-5  11079-2 0  9998
2 60328  26.9276  42.6856 6442927 351.5855   1.2771  3.52057656  5967
0 CZ-3B R/B
1 60328U 24135B   25070.61061433  .01970486  16199-5  11079-2 0  9998
2 60328  26.9276  42.6856 6442927 351.5855   1.2771  3.52057656  5888
0 CZ-3B R/B
1 60328U 24135B   25070.89418816  .02146469  33738-5  12070-2 0  9996
2 60328  26.9285  42.4997 6435247 351.8975   1.2289  3.53189563  5973
0 CZ-3B R/B
1 60328U 24135B   25070.89418816  .02146469  33738-5  12070-2 0  9996
2 60328  26.9285  42.4997 6435247 351.8975   1.2289  3.53189563  5894
0 CZ-3B R/B
1 60328U 24135B   25072.01850042  .04187176  11016-4  21222-2 0  9998
2 60328  26.9253  41.7963 6398813 353.1796   1.0324  3.58752493  5933
0 CZ-3B R/B
1 60328U 24135B   25083.03658960  .00000037  11317-6  00000+0 0  9997
2 60328  26.9355  33.1871 5752516   7.5010 358.1877  4.59113458  6328
0 CZ-3B R/B
1 60328U 24135B   25084.10936639  .06595937 -74426-6  21445-2 0  9992
2 60328  26.9091  32.1721 5669619   9.1586 357.8455  4.73028172  6507
0 CZ-3B R/B
1 60328U 24135B   25084.10936639  .06595937 -74426-6  21445-2 0  9992
2 60328  26.9091  32.1721 5669619   9.1586 357.8455  4.73028172  6372
0 CZ-3B R/B
1 60328U 24135B   25084.94517598  .06829094 -71132-6  21561-2 0  9997
2 60328  26.9049  31.3416 5602283  10.5398 357.4650  4.84083190  6419
0 CZ-3B R/B
1 60328U 24135B   25085.35586567  .05810026 -41163-6  16127-2 0  9992
2 60328  26.9028  30.9327 5573466  11.2463 357.2691  4.89114381  6564
0 CZ-3B R/B
1 60328U 24135B   25085.35587740  .06277073 -32625-6  17732-2 0  9992
2 60328  26.9003  30.9354 5572906  11.2318 357.2721  4.89164549  6435
0 CZ-3B R/B
1 60328U 24135B   25086.16435051  .06872129  15548-5  18008-2 0  9992
2 60328  26.9016  30.0957 5507271  12.6710 356.8535  5.00177155  6476
0 CZ-3B R/B
1 60328U 24135B   25087.72957541  .09587042  72375-5  29967-2 0  9995
2 60328  26.9054  28.3991 5365627  15.5045 355.9592  5.23383814  6688
0 CZ-3B R/B
1 60328U 24135B   25090.81021023  .11368167  12526-4  24974-2 0  9998
2 60328  26.8949  24.6618 5018008  21.8228 353.5959  5.83832720  6857
0 CZ-3B R/B
1 60328U 24135B   25090.81021023  .11368167  12526-4  24974-2 0  9998
2 60328  26.8949  24.6618 5018008  21.8228 353.5959  5.83832720  6712
0 CZ-3B R/B
1 60328U 24135B   25090.98077499  .14256313  12781-4  30224-2 0  9994
2 60328  26.8991  24.4545 4992304  22.1510 353.4432  5.88420851  6867
0 CZ-3B R/B
1 60328U 24135B   25090.98077499  .14256313  12781-4  30224-2 0  9994
2 60328  26.8991  24.4545 4992304  22.1510 353.4432  5.88420851  6722
0 CZ-3B R/B
1 60328U 24135B   25092.14028704  .13734317  10541-4  23626-2 0  9993
2 60328  26.8793  22.8355 4821411  24.8050 352.2201  6.19173930  6797
0 CZ-3B R/B
1 60328U 24135B   25092.16818888  .13070100  10404-4  12745-2 0  9996
2 60328  26.8846  22.8141 4831524  24.6913  54.4062  6.19254175  6798
0 CZ-3B R/B
1 60328U 24135B   25093.99565336  .00000580 -37028-5  00000+0 0  9997
2 60328  26.8591  19.9287 4420718  29.5119  23.1088  6.91815698  6912
