0 TBA - TO BE ASSIGNED
1 56758U 23075B   23147.29657763  .00000020  00000-0  00000+0 0  9991
2 56758  27.7384 148.0059 8182134 180.0649  38.6323  1.20335585    03
0 TBA - TO BE ASSIGNED
1 56758U 23075B   23147.29657763  .00000020  00000-0  00000+0 0  9991
2 56758  27.7384 148.0059 8182134 180.0649  38.6323  1.20335585    03
0 OBJECT B
1 56758U 23075B   23147.31788316  .00000021  00000-0  00000+0 0  9994
2 56758  27.7618 147.9385 8182107 180.1432  47.8375  1.20274540    06
0 OBJECT B
1 56758U 23075B   23150.10502088  .00000107  00000-0  30879-3 0  9991
2 56758  27.7671 147.4904 8181724 180.8346 175.3419  1.20304795    48
0 OBJECT B
1 56758U 23075B   23150.10502088  .00000107  00000-0  30879-3 0  9991
2 56758  27.7671 147.4904 8181724 180.8346 175.3419  1.20304795    26
0 OBJECT B
1 56758U 23075B   23150.10562018 -.00062748  00000-0 -56112+0 0  9995
2 56758  27.7995 147.4763 8179184 180.8504 175.5699  1.20352006    32
0 OBJECT B
1 56758U 23075B   23150.93394851  .00016233  00000-0  13662+0 0  9993
2 56758  27.7665 147.3508 8180895 181.0781 173.9434  1.20324562    50
0 OBJECT B
1 56758U 23075B   23150.93394851  .00016233  00000-0  13662+0 0  9993
2 56758  27.7665 147.3508 8180895 181.0781 173.9434  1.20324562    38
0 OBJECT B
1 56758U 23075B   23151.40000000  .00000076  00000-0  00000+0 0  9996
2 56758  27.7830 147.3010 8179092 181.1860  16.2520  1.20342636    44
0 OBJECT B
1 56758U 23075B   23151.66196117  .00000108  00000-0  27561-3 0  9990
2 56758  27.7711 147.2302 8180979 181.2747 129.7781  1.20341072    48
0 OBJECT B
1 56758U 23075B   23151.76096581  .00000110  00000-0  29334-3 0  9998
2 56758  27.7716 147.2153 8180985 181.3002 172.6686  1.20341223    48
0 OBJECT B
1 56758U 23075B   23152.58893307  .00000101  00000-0  28741-3 0  9991
2 56758  27.7766 147.0777 8180686 181.5298 171.3582  1.20341296    52
0 OBJECT B
1 56758U 23075B   23153.41691099  .00000086  00000-0  29626-3 0  9993
2 56758  27.7817 146.9409 8180407 181.7583 170.0521  1.20341392    66
0 FALCON 9 R/B
1 56758U 23075B   23154.24489781  .00000067  00000-0  30729-3 0  9993
2 56758  27.7867 146.8049 8180137 181.9862 168.7504  1.20341499    76
0 FALCON 9 R/B
1 56758U 23075B   23154.24490242  .00000068  00000-0  31813-3 0  9993
2 56758  27.7868 146.8060 8180163 181.9850 168.7521  1.20341520    70
0 FALCON 9 R/B
1 56758U 23075B   23154.24490997  .00000067  00000-0  30986-3 0  9999
2 56758  27.7872 146.8078 8180160 181.9832 168.7571  1.20341638    76
0 FALCON 9 R/B
1 56758U 23075B   23155.07288303  .00000043  00000-0  30860-3 0  9992
2 56758  27.7915 146.6684 8179849 182.2144 167.4499  1.20341689    89
0 FALCON 9 R/B
1 56758U 23075B   23155.07289520  .00000043  00000-0  30981-3 0  9998
2 56758  27.7920 146.6713 8179894 182.2116 167.4553  1.20341720    84
0 FALCON 9 R/B
1 56758U 23075B   23155.90087321  .00000020  00000-0  31013-3 0  9997
2 56758  27.7962 146.5320 8179576 182.4426 166.1504  1.20341773    97
0 FALCON 9 R/B
1 56758U 23075B   23156.72886636  .00000002  00000-0  31811-3 0  9990
2 56758  27.8009 146.3955 8179301 182.6710 164.8523  1.20341853   103
0 FALCON 9 R/B
1 56758U 23075B   23156.72886636  .00000002  00000-0  31811-3 0  9990
2 56758  27.8009 146.3955 8179301 182.6710 164.8523  1.20341853   103
0 FALCON 9 R/B
1 56758U 23075B   23157.55686914 -.00000007  00000-0  33422-3 0  9995
2 56758  27.8051 146.2598 8179035 182.8984 163.5584  1.20341934   115
0 FALCON 9 R/B
1 56758U 23075B   23157.99999326 -.00000580  00000-0 -48952-2 0  9997
2 56758  27.8315 146.1749 8178595 183.0321 355.5299  1.20338874   118
0 FALCON 9 R/B
1 56758U 23075B   23158.38486326 -.00000008  00000-0  35864-3 0  9995
2 56758  27.8093 146.1225 8178739 183.1272 162.2627  1.20342084   123
0 FALCON 9 R/B
1 56758U 23075B   23158.38486326 -.00000008  00000-0  35864-3 0  9995
2 56758  27.8093 146.1225 8178739 183.1272 162.2627  1.20342084   123
0 FALCON 9 R/B
1 56758U 23075B   23159.21287110  .00000000  00000-0  39765-3 0  9993
2 56758  27.8137 145.9860 8178472 183.3552 160.9709  1.20342165   138
0 FALCON 9 R/B
1 56758U 23075B   23159.21287594  .00000003  00000-0  41895-3 0  9999
2 56758  27.8136 145.9869 8178474 183.3542 160.9729  1.20342198   135
0 FALCON 9 R/B
1 56758U 23075B   23160.04088266  .00000015  00000-0  44803-3 0  9992
2 56758  27.8179 145.8495 8178208 183.5832 159.6810  1.20342259   140
0 FALCON 9 R/B
1 56758U 23075B   23160.04089516  .00000021  00000-0  49833-3 0  9996
2 56758  27.8184 145.8511 8178239 183.5814 159.6851  1.20342254   149
0 FALCON 9 R/B
1 56758U 23075B   23160.86889373  .00000030  00000-0  49920-3 0  9992
2 56758  27.8224 145.7122 8177938 183.8120 158.3905  1.20342336   157
0 FALCON 9 R/B
1 56758U 23075B   23160.86889373  .00000030  00000-0  49920-3 0  9992
2 56758  27.8224 145.7122 8177938 183.8120 158.3905  1.20342336   157
0 FALCON 9 R/B
1 56758U 23075B   23160.86891097  .00000037  00000-0  55512-3 0  9999
2 56758  27.8230 145.7144 8177980 183.8096 158.3966  1.20342336   165
0 FALCON 9 R/B
1 56758U 23075B   23161.69692970  .00000048  00000-0  60482-3 0  9994
2 56758  27.8277 145.5775 8177721 184.0380 157.1098  1.20342426   169
0 FALCON 9 R/B
1 56758U 23075B   23163.35297375  .00000040  00000-0  64427-3 0  9994
2 56758  27.8367 145.3024 8177152 184.4964 154.5422  1.20342665   183
0 FALCON 9 R/B
1 56758U 23075B   23163.35297399  .00000040  00000-0  64274-3 0  9990
2 56758  27.8364 145.3022 8177144 184.4966 154.5416  1.20342626   181
0 FALCON 9 R/B
1 56758U 23075B   23164.18101651  .00000022  00000-0  66911-3 0  9997
2 56758  27.8416 145.1665 8176876 184.7239 153.2679  1.20342794   191
0 FALCON 9 R/B
1 56758U 23075B   23165.00906583 -.00000004  00000-0  67847-3 0  9996
2 56758  27.8466 145.0301 8176609 184.9520 151.9970  1.20342911   203
0 FALCON 9 R/B
1 56758U 23075B   23165.00906896 -.00000005  00000-0  67348-3 0  9990
2 56758  27.8467 145.0318 8176567 184.9505 151.9998  1.20342924   202
0 FALCON 9 R/B
1 56758U 23075B   23165.83711730 -.00000039  00000-0  64898-3 0  9996
2 56758  27.8511 144.8947 8176343 185.1789 150.7334  1.20343114   210
0 FALCON 9 R/B
1 56758U 23075B   23165.83712391 -.00000036  00000-0  67390-3 0  9997
2 56758  27.8506 144.8936 8176285 185.1801 150.7322  1.20343046   213
0 FALCON 9 R/B
1 56758U 23075B   23166.66518874 -.00000068  00000-0  65894-3 0  9991
2 56758  27.8549 144.7573 8176146 185.4078 149.4719  1.20343160   224
0 FALCON 9 R/B
1 56758U 23075B   23168.32137098 -.00000117  00000-0  62639-3 0  9990
2 56758  27.8624 144.4852 8175648 185.8632 146.9700  1.20343338   242
0 FALCON 9 R/B
1 56758U 23075B   23168.32137098 -.00000117  00000-0  62639-3 0  9990
2 56758  27.8624 144.4852 8175648 185.8632 146.9700  1.20343338   242
0 FALCON 9 R/B
1 56758U 23075B   23169.14948221 -.00000130  00000-0  59319-3 0  9995
2 56758  27.8659 144.3500 8175453 186.0901 145.7284  1.20343415   256
0 FALCON 9 R/B
1 56758U 23075B   23169.14948228 -.00000129  00000-0  61121-3 0  9994
2 56758  27.8661 144.3491 8175413 186.0910 145.7278  1.20343422   255
0 FALCON 9 R/B
1 56758U 23075B   23169.97760583 -.00000131  00000-0  60089-3 0  9996
2 56758  27.8700 144.2128 8175180 186.3190 144.4913  1.20343521   262
0 FALCON 9 R/B
1 56758U 23075B   23169.97760644 -.00000132  00000-0  59062-3 0  9994
2 56758  27.8704 144.2147 8175236 186.3174 144.4928  1.20343556   265
0 FALCON 9 R/B
1 56758U 23075B   23170.80573950 -.00000126  00000-0  59159-3 0  9990
2 56758  27.8739 144.0765 8174952 186.5469 143.2600  1.20343644   273
0 FALCON 9 R/B
1 56758U 23075B   23170.80573950 -.00000126  00000-0  59159-3 0  9990
2 56758  27.8739 144.0765 8174952 186.5469 143.2600  1.20343644   273
0 FALCON 9 R/B
1 56758U 23075B   23170.80574087 -.00000127  00000-0  57885-3 0  9997
2 56758  27.8739 144.0781 8175021 186.5456 143.2611  1.20343645   278
0 FALCON 9 R/B
1 56758U 23075B   23173.29017136 -.00000069  00000-0  76848-3 0  9995
2 56758  27.8819 143.6665 8174246 187.2315 139.5950  1.20344568   306
0 FALCON 9 R/B
1 56758U 23075B   23175.77469595 -.00000029  00000-0  70509-3 0  9994
2 56758  27.8949 143.2562 8173734 187.9167 135.9637  1.20345020   334
0 FALCON 9 R/B
1 56758U 23075B   23178.25931775 -.00000008  00000-0  69429-3 0  9990
2 56758  27.9047 142.8474 8173149 188.5998 132.3760  1.20345471   361
0 FALCON 9 R/B
1 56758U 23075B   23180.74404450 -.00000038  00000-0  71645-3 0  9998
2 56758  27.9148 142.4365 8172544 189.2844 128.8355  1.20345817   391
0 FALCON 9 R/B
1 56758U 23075B   23184.05728104 -.00000129  00000-0  78528-3 0  9999
2 56758  27.9274 141.8901 8171832 190.1959 124.2382  1.20346410   432
0 FALCON 9 R/B
1 56758U 23075B   23187.37084103 -.00000128  00000-0  94221-3 0  9998
2 56758  27.9383 141.3407 8171086 191.1095 119.7824  1.20346884   471
0 FALCON 9 R/B
1 56758U 23075B   23189.02768899 -.00000102  00000-0  10765-2 0  9995
2 56758  27.9442 141.0654 8170742 191.5669 117.5820  1.20347103   496
0 FALCON 9 R/B
1 56758U 23075B   23193.99841456 -.00000223  00000-0  11645-2 0  9999
2 56758  27.9606 140.2400 8169773 192.9386 111.0838  1.20347917   559
0 FALCON 9 R/B
1 56758U 23075B   23195.65547695 -.00000270  00000-0  12043-2 0  9997
2 56758  27.9653 139.9650 8169365 193.3957 108.9931  1.20348344   575
0 FALCON 9 R/B
1 56758U 23075B   23198.96989170 -.00000270  00000-0  12031-2 0  9999
2 56758  27.9735 139.4127 8168815 194.3116 104.9384  1.20349015   616
0 FALCON 9 R/B
1 56758U 23075B   23201.45589938 -.00000234  00000-0  10474-2 0  9995
2 56758  27.9807 138.9956 8168483 195.0016 101.9799  1.20349323   639
0 FALCON 9 R/B
1 56758U 23075B   23203.94200919 -.00000193  00000-0  10184-2 0  9992
2 56758  27.9874 138.5807 8168053 195.6889  99.0744  1.20349805   677
0 FALCON 9 R/B
1 56758U 23075B   23209.74331796 -.00000239  00000-0  12286-2 0  9990
2 56758  28.0017 137.6095 8167189 197.2947  92.4891  1.20351335   748
0 FALCON 9 R/B
1 56758U 23075B   23213.88786147 -.00000273  00000-0  16221-2 0  9995
2 56758  28.0094 136.9114 8166438 198.4435  88.1185  1.20352407   792
0 FALCON 9 R/B
1 56758U 23075B   23218.86172676 -.00000244  00000-0  19518-2 0  9994
2 56758  28.0213 136.0724 8165796 199.8249  83.0695  1.20353596   854
0 FALCON 9 R/B
1 56758U 23075B   23230.46970929 -.00000283  00000-0  17472-2 0  9991
2 56758  28.0429 134.1100 8164509 203.0514  72.3881  1.20356510   996
0 FALCON 9 R/B
1 56758U 23075B   23234.61609990 -.00000246  00000-0  17473-2 0  9999
2 56758  28.0507 133.4156 8164240 204.1964  68.8972  1.20357642  1044
0 FALCON 9 R/B
1 56758U 23075B   23235.44538316 -.00000258  00000-0  17332-2 0  9991
2 56758  28.0522 133.2750 8164207 204.4286  68.2031  1.20357844  1057
0 FALCON 9 R/B
1 56758U 23075B   23238.76278090 -.00000331  00000-0  17596-2 0  9993
2 56758  28.0574 132.7065 8163760 205.3553  65.5473  1.20358650  1097
0 FALCON 9 R/B
1 56758U 23075B   23238.76278090 -.00000331  00000-0  17596-2 0  9993
2 56758  28.0574 132.7065 8163760 205.3553  65.5473  1.20358650  1097
0 FALCON 9 R/B
1 56758U 23075B   23240.42167466 -.00000341  00000-0  17618-2 0  9999
2 56758  28.0596 132.4304 8163788 205.8114  64.3075  1.20359035  1118
0 FALCON 9 R/B
1 56758U 23075B   23241.25112720 -.00000326  00000-0  18710-2 0  9991
2 56758  28.0602 132.2873 8163737 206.0453  63.6888  1.20359237  1127
0 FALCON 9 R/B
1 56758U 23075B   23241.25112720 -.00000326  00000-0  18710-2 0  9991
2 56758  28.0602 132.2873 8163737 206.0453  63.6888  1.20359237  1127
0 FALCON 9 R/B
1 56758U 23075B   23243.73957132 -.00000268  00000-0  20888-2 0  9994
2 56758  28.0649 131.8603 8163408 206.7417  61.8765  1.20359873  1159
0 FALCON 9 R/B
1 56758U 23075B   23243.73957132 -.00000268  00000-0  20888-2 0  9994
2 56758  28.0649 131.8603 8163408 206.7417  61.8765  1.20359873  1159
0 FALCON 9 R/B
1 56758U 23075B   23247.05755522 -.00000289  00000-0  21912-2 0  9994
2 56758  28.0696 131.3072 8163353 207.6552  59.5007  1.20360819  1194
0 FALCON 9 R/B
1 56758U 23075B   23247.05755522 -.00000289  00000-0  21912-2 0  9994
2 56758  28.0696 131.3072 8163353 207.6552  59.5007  1.20360819  1194
0 FALCON 9 R/B
1 56758U 23075B   23247.88702319 -.00000320  00000-0  21183-2 0  9997
2 56758  28.0708 131.1567 8163126 207.8953  58.8932  1.20360919  1202
0 FALCON 9 R/B
1 56758U 23075B   23248.71654281 -.00000342  00000-0  21997-2 0  9991
2 56758  28.0718 131.0160 8163059 208.1256  58.3122  1.20361226  1215
0 FALCON 9 R/B
1 56758U 23075B   23249.54608157 -.00000365  00000-0  21950-2 0  9998
2 56758  28.0726 130.8753 8163005 208.3563  57.7397  1.20361443  1222
0 FALCON 9 R/B
1 56758U 23075B   23250.37563855 -.00000386  00000-0  21014-2 0  9990
2 56758  28.0730 130.7340 8162981 208.5875  57.1761  1.20361587  1237
0 FALCON 9 R/B
1 56758U 23075B   23250.37564694 -.00000381  00000-0  21835-2 0  9998
2 56758  28.0736 130.7355 8162977 208.5860  57.1795  1.20361670  1238
0 FALCON 9 R/B
1 56758U 23075B   23252.03484330 -.00000387  00000-0  21012-2 0  9994
2 56758  28.0742 130.4550 8162959 209.0466  56.0891  1.20362021  1255
0 FALCON 9 R/B
1 56758U 23075B   23252.86448368 -.00000370  00000-0  21602-2 0  9993
2 56758  28.0762 130.3140 8162885 209.2775  55.5630  1.20362296  1264
0 FALCON 9 R/B
1 56758U 23075B   23252.86448368 -.00000370  00000-0  21602-2 0  9993
2 56758  28.0762 130.3140 8162885 209.2775  55.5630  1.20362296  1264
0 FALCON 9 R/B
1 56758U 23075B   23253.69411396 -.00000355  00000-0  20914-2 0  9994
2 56758  28.0768 130.1690 8162882 209.5120  55.0346  1.20362502  1272
0 FALCON 9 R/B
1 56758U 23075B   23255.35348517 -.00000305  00000-0  21040-2 0  9999
2 56758  28.0793 129.8915 8162816 209.9698  54.0265  1.20363033  1297
0 FALCON 9 R/B
1 56758U 23075B   23255.35348517 -.00000305  00000-0  21040-2 0  9999
2 56758  28.0793 129.8915 8162816 209.9698  54.0265  1.20363033  1297
0 FALCON 9 R/B
1 56758U 23075B   23257.01287422 -.00000265  00000-0  19146-2 0  9990
2 56758  28.0813 129.6100 8162764 210.4312  53.0286  1.20363393  1321
0 FALCON 9 R/B
1 56758U 23075B   23258.67228774 -.00000224  00000-0  18368-2 0  9998
2 56758  28.0825 129.3312 8162757 210.8898  52.0436  1.20363789  1337
0 FALCON 9 R/B
1 56758U 23075B   23259.50199467 -.00000209  00000-0  17762-2 0  9997
2 56758  28.0833 129.1909 8162739 211.1202  51.5516  1.20363967  1341
0 FALCON 9 R/B
1 56758U 23075B   23261.16138537 -.00000185  00000-0  18305-2 0  9990
2 56758  28.0862 128.9028 8162595 211.5875  50.5592  1.20364514  1366
0 FALCON 9 R/B
1 56758U 23075B   23262.82083610 -.00000188  00000-0  18347-2 0  9994
2 56758  28.0872 128.6287 8162686 212.0416  49.5974  1.20364977  1386
0 FALCON 9 R/B
1 56758U 23075B   23263.65056052 -.00000201  00000-0  18194-2 0  9992
2 56758  28.0888 128.4868 8162654 212.2734  49.1163  1.20365227  1392
0 FALCON 9 R/B
1 56758U 23075B   23263.65056052 -.00000201  00000-0  18194-2 0  9992
2 56758  28.0888 128.4868 8162654 212.2734  49.1163  1.20365227  1392
0 FALCON 9 R/B
1 56758U 23075B   23265.31007744 -.00000231  00000-0  18145-2 0  9990
2 56758  28.0894 128.2080 8162698 212.7318  48.1867  1.20365643  1419
0 FALCON 9 R/B
1 56758U 23075B   23266.96967724 -.00000253  00000-0  17446-2 0  9992
2 56758  28.0901 127.9265 8162708 213.1926  47.2948  1.20365982  1439
0 FALCON 9 R/B
1 56758U 23075B   23266.96967724 -.00000253  00000-0  17446-2 0  9992
2 56758  28.0901 127.9265 8162708 213.1926  47.2948  1.20365982  1439
0 FALCON 9 R/B
1 56758U 23075B   23267.79951245 -.00000239  00000-0  19109-2 0  9997
2 56758  28.0907 127.7833 8162618 213.4255  46.8624  1.20366255  1443
0 FALCON 9 R/B
1 56758U 23075B   23269.45923131 -.00000206  00000-0  19518-2 0  9993
2 56758  28.0917 127.5016 8162622 213.8867  46.0240  1.20366613  1469
0 FALCON 9 R/B
1 56758U 23075B   23269.45923357 -.00000205  00000-0  19670-2 0  9991
2 56758  28.0908 127.5035 8162671 213.8849  46.0259  1.20366665  1461
0 FALCON 9 R/B
1 56758U 23075B   23269.45923357 -.00000205  00000-0  19670-2 0  9991
2 56758  28.0908 127.5035 8162671 213.8849  46.0259  1.20366665  1461
0 FALCON 9 R/B
1 56758U 23075B   23270.28910601 -.00000182  00000-0  19955-2 0  9992
2 56758  28.0922 127.3611 8162628 214.1170  45.6113  1.20366789  1470
0 FALCON 9 R/B
1 56758U 23075B   23271.11898103 -.00000160  00000-0  20358-2 0  9992
2 56758  28.0932 127.2211 8162640 214.3467  45.2000  1.20366994  1481
0 FALCON 9 R/B
1 56758U 23075B   23273.60857069 -.00000152  00000-0  20459-2 0  9997
2 56758  28.0955 126.8024 8162707 215.0349  43.9593  1.20367687  1510
0 FALCON 9 R/B
1 56758U 23075B   23273.60857694 -.00000153  00000-0  20287-2 0  9991
2 56758  28.0943 126.8027 8162742 215.0347  43.9600  1.20367610  1512
0 FALCON 9 R/B
1 56758U 23075B   23275.26828972 -.00000194  00000-0  20053-2 0  9998
2 56758  28.0962 126.5228 8162740 215.4941  43.1320  1.20368110  1534
0 FALCON 9 R/B
1 56758U 23075B   23275.26829403 -.00000192  00000-0  20315-2 0  9997
2 56758  28.0958 126.5239 8162800 215.4930  43.1340  1.20368124  1533
0 FALCON 9 R/B
1 56758U 23075B   23277.75794950 -.00000244  00000-0  20770-2 0  9994
2 56758  28.0968 126.1048 8162819 216.1813  41.9337  1.20368881  1561
0 FALCON 9 R/B
1 56758U 23075B   23277.75795261 -.00000246  00000-0  20417-2 0  9990
2 56758  28.0963 126.1053 8162878 216.1808  41.9344  1.20368834  1567
0 FALCON 9 R/B
1 56758U 23075B   23277.75795261 -.00000246  00000-0  20417-2 0  9990
2 56758  28.0963 126.1053 8162878 216.1808  41.9344  1.20368834  1567
0 FALCON 9 R/B
1 56758U 23075B   23278.58787176 -.00000246  00000-0  20758-2 0  9996
2 56758  28.0966 125.9649 8162846 216.4112  41.5503  1.20369109  1574
0 FALCON 9 R/B
1 56758U 23075B   23278.58787304 -.00000245  00000-0  20846-2 0  9996
2 56758  28.0962 125.9650 8162889 216.4110  41.5506  1.20369100  1571
0 FALCON 9 R/B
1 56758U 23075B   23280.24777675 -.00000228  00000-0  19775-2 0  9992
2 56758  28.0960 125.6861 8162986 216.8695  40.8123  1.20369450  1597
0 FALCON 9 R/B
1 56758U 23075B   23280.24777675 -.00000228  00000-0  19775-2 0  9992
2 56758  28.0960 125.6861 8162986 216.8695  40.8123  1.20369450  1597
0 FALCON 9 R/B
1 56758U 23075B   23281.07775572 -.00000207  00000-0  19503-2 0  9994
2 56758  28.0962 125.5466 8163037 217.0987  40.4557  1.20369654  1609
0 FALCON 9 R/B
1 56758U 23075B   23281.90774747 -.00000180  00000-0  19419-2 0  9995
2 56758  28.0965 125.4074 8163092 217.3277  40.1062  1.20369906  1611
0 FALCON 9 R/B
1 56758U 23075B   23283.56775952 -.00000128  00000-0  18479-2 0  9995
2 56758  28.0969 125.1288 8163198 217.7859  39.4215  1.20370360  1635
0 FALCON 9 R/B
1 56758U 23075B   23283.56776105 -.00000132  00000-0  17859-2 0  9992
2 56758  28.0976 125.1290 8163146 217.7858  39.4218  1.20370340  1639
0 FALCON 9 R/B
1 56758U 23075B   23285.22779052 -.00000082  00000-0  16976-2 0  9994
2 56758  28.0975 124.8503 8163341 218.2438  38.7466  1.20370732  1652
0 FALCON 9 R/B
1 56758U 23075B   23285.22779526 -.00000080  00000-0  17218-2 0  9998
2 56758  28.0979 124.8506 8163295 218.2441  38.7459  1.20370739  1650
0 FALCON 9 R/B
1 56758U 23075B   23287.71783335 -.00000025  00000-0  16353-2 0  9995
2 56758  28.0974 124.4329 8163501 218.9305  37.7355  1.20371367  1685
0 FALCON 9 R/B
1 56758U 23075B   23287.71783335 -.00000025  00000-0  16353-2 0  9995
2 56758  28.0974 124.4329 8163501 218.9305  37.7355  1.20371367  1685
0 FALCON 9 R/B
1 56758U 23075B   23289.37785071 -.00000018  00000-0  15247-2 0  9991
2 56758  28.0971 124.1556 8163664 219.3872  37.0580  1.20371685  1704
0 FALCON 9 R/B
1 56758U 23075B   23290.20786645 -.00000021  00000-0  15212-2 0  9999
2 56758  28.0976 124.0186 8163729 219.6143  36.7203  1.20371847  1712
0 FALCON 9 R/B
1 56758U 23075B   23290.20786645 -.00000021  00000-0  15212-2 0  9999
2 56758  28.0976 124.0186 8163729 219.6143  36.7203  1.20371847  1712
0 FALCON 9 R/B
1 56758U 23075B   23293.52798285 -.00000076  00000-0  13708-2 0  9998
2 56758  28.0954 123.4616 8164145 220.5296  35.4129  1.20372524  1752
0 FALCON 9 R/B
1 56758U 23075B   23293.52798285 -.00000076  00000-0  13708-2 0  9998
2 56758  28.0954 123.4616 8164145 220.5296  35.4129  1.20372524  1752
0 FALCON 9 R/B
1 56758U 23075B   23293.52798363 -.00000079  00000-0  13338-2 0  9997
2 56758  28.0954 123.4625 8164119 220.5286  35.4134  1.20372501  1753
0 FALCON 9 R/B
1 56758U 23075B   23295.18814735 -.00000079  00000-0  13228-2 0  9991
2 56758  28.0942 123.1825 8164352 220.9879  34.8062  1.20372764  1776
0 FALCON 9 R/B
1 56758U 23075B   23295.18815062 -.00000078  00000-0  13453-2 0  9994
2 56758  28.0943 123.1834 8164310 220.9868  34.8072  1.20372766  1772
0 FALCON 9 R/B
1 56758U 23075B   23298.50863377  .00000003  00000-0  14488-2 0  9991
2 56758  28.0918 122.6247 8164801 221.9033  33.6650  1.20373357  1817
0 FALCON 9 R/B
1 56758U 23075B   23298.50863377  .00000003  00000-0  14488-2 0  9991
2 56758  28.0918 122.6247 8164801 221.9033  33.6650  1.20373357  1817
0 FALCON 9 R/B
1 56758U 23075B   23298.50863909  .00000003  00000-0  14571-2 0  9995
2 56758  28.0923 122.6265 8164775 221.9014  33.6665  1.20373347  1817
0 FALCON 9 R/B
1 56758U 23075B   23299.33875607  .00000020  00000-0  15049-2 0  9995
2 56758  28.0912 122.4857 8164932 222.1318  33.3813  1.20373551  1825
0 FALCON 9 R/B
1 56758U 23075B   23300.16886690  .00000019  00000-0  14371-2 0  9998
2 56758  28.0915 122.3485 8165078 222.3578  33.0958  1.20373682  1839
0 FALCON 9 R/B
1 56758U 23075B   23300.99896877  .00000008  00000-0  13894-2 0  9994
2 56758  28.0906 122.2097 8165226 222.5860  32.8060  1.20373828  1842
0 FALCON 9 R/B
1 56758U 23075B   23300.99896877  .00000008  00000-0  13894-2 0  9994
2 56758  28.0906 122.2097 8165226 222.5860  32.8060  1.20373828  1842
0 FALCON 9 R/B
1 56758U 23075B   23301.82906500 -.00000008  00000-0  13836-2 0  9999
2 56758  28.0898 122.0709 8165360 222.8143  32.5149  1.20374028  1855
0 FALCON 9 R/B
1 56758U 23075B   23303.48925769 -.00000060  00000-0  13048-2 0  9994
2 56758  28.0877 121.7925 8165671 223.2721  31.9325  1.20374315  1870
0 FALCON 9 R/B
1 56758U 23075B   23303.48926016 -.00000055  00000-0  13660-2 0  9994
2 56758  28.0877 121.7910 8165656 223.2734  31.9329  1.20374359  1873
0 FALCON 9 R/B
1 56758U 23075B   23305.14948630 -.00000094  00000-0  12886-2 0  9997
2 56758  28.0852 121.5122 8165980 223.7312  31.3670  1.20374613  1894
0 FALCON 9 R/B
1 56758U 23075B   23305.14948773 -.00000098  00000-0  12371-2 0  9998
2 56758  28.0853 121.5145 8165968 223.7285  31.3688  1.20374579  1895
0 FALCON 9 R/B
1 56758U 23075B   23305.14948797 -.00000098  00000-0  12280-2 0  9993
2 56758  28.0854 121.5146 8165973 223.7285  31.3688  1.20374575  1899
0 FALCON 9 R/B
1 56758U 23075B   23306.80977846 -.00000096  00000-0  12214-2 0  9999
2 56758  28.0833 121.2345 8166306 224.1874  30.8316  1.20374850  1915
0 FALCON 9 R/B
1 56758U 23075B   23306.80977846 -.00000096  00000-0  12214-2 0  9999
2 56758  28.0833 121.2345 8166306 224.1874  30.8316  1.20374850  1915
0 FALCON 9 R/B
1 56758U 23075B   23307.63994857 -.00000080  00000-0  12414-2 0  9997
2 56758  28.0822 121.0952 8166463 224.4162  30.5750  1.20375036  1929
0 FALCON 9 R/B
1 56758U 23075B   23308.47013405 -.00000058  00000-0  12431-2 0  9995
2 56758  28.0813 120.9564 8166630 224.6444  30.3258  1.20375212  1935
0 FALCON 9 R/B
1 56758U 23075B   23308.47013604 -.00000059  00000-0  12327-2 0  9991
2 56758  28.0814 120.9590 8166628 224.6416  30.3279  1.20375235  1939
0 FALCON 9 R/B
1 56758U 23075B   23309.30033051 -.00000026  00000-0  13207-2 0  9994
2 56758  28.0803 120.8172 8166794 224.8731  30.0824  1.20375494  1949
0 FALCON 9 R/B
1 56758U 23075B   23309.30033051 -.00000026  00000-0  13207-2 0  9994
2 56758  28.0803 120.8172 8166794 224.8731  30.0824  1.20375494  1949
0 FALCON 9 R/B
1 56758U 23075B   23310.96074932  .00000013  00000-0  10982-2 0  9993
2 56758  28.0786 120.5415 8167105 225.3273  29.6110  1.20375754  1963
0 FALCON 9 R/B
1 56758U 23075B   23312.62118075  .00000063  00000-0  10684-2 0  9999
2 56758  28.0764 120.2600 8167453 225.7877  29.1425  1.20376069  1988
0 FALCON 9 R/B
1 56758U 23075B   23312.62118075  .00000063  00000-0  10684-2 0  9999
2 56758  28.0764 120.2600 8167453 225.7877  29.1425  1.20376069  1988
0 FALCON 9 R/B
1 56758U 23075B   23313.45139750  .00000084  00000-0  10621-2 0  9998
2 56758  28.0753 120.1207 8167656 226.0172  28.9078  1.20376212  1997
0 FALCON 9 R/B
1 56758U 23075B   23313.45140166  .00000079  00000-0  99705-3 0  9996
2 56758  28.0753 120.1236 8167603 226.0130  28.9118  1.20376194  1999
0 FALCON 9 R/B
1 56758U 23075B   23315.11181671  .00000109  00000-0  95638-3 0  9992
2 56758  28.0730 119.8425 8168027 226.4736  28.4361  1.20376432  2010
0 FALCON 9 R/B
1 56758U 23075B   23315.11181671  .00000109  00000-0  95638-3 0  9992
2 56758  28.0730 119.8425 8168027 226.4736  28.4361  1.20376432  2010
0 FALCON 9 R/B
1 56758U 23075B   23315.11182250  .00000109  00000-0  95824-3 0  9993
2 56758  28.0729 119.8460 8168022 226.4697  28.4387  1.20376450  2016
0 FALCON 9 R/B
1 56758U 23075B   23317.60240262  .00000116  00000-0  98160-3 0  9991
2 56758  28.0691 119.4247 8168573 227.1601  27.7118  1.20376925  2041
0 FALCON 9 R/B
1 56758U 23075B   23317.60240262  .00000116  00000-0  98160-3 0  9991
2 56758  28.0691 119.4247 8168573 227.1601  27.7118  1.20376925  2041
0 FALCON 9 R/B
1 56758U 23075B   23319.26278436  .00000085  00000-0  91985-3 0  9992
2 56758  28.0663 119.1465 8169037 227.6167  27.2293  1.20377199  2062
0 FALCON 9 R/B
1 56758U 23075B   23320.09299067  .00000063  00000-0  85049-3 0  9998
2 56758  28.0644 119.0099 8169281 227.8415  26.9960  1.20377295  2077
0 FALCON 9 R/B
1 56758U 23075B   23320.09299067  .00000063  00000-0  85049-3 0  9998
2 56758  28.0644 119.0099 8169281 227.8415  26.9960  1.20377295  2077
0 FALCON 9 R/B
1 56758U 23075B   23320.92320436  .00000046  00000-0  80204-3 0  9994
2 56758  28.0626 118.8697 8169532 228.0704  26.7660  1.20377389  2081
0 FALCON 9 R/B
1 56758U 23075B   23322.58368743  .00000041  00000-0  82798-3 0  9996
2 56758  28.0592 118.5885 8169994 228.5294  26.3288  1.20377611  2103
0 FALCON 9 R/B
1 56758U 23075B   23322.58368743  .00000041  00000-0  82798-3 0  9996
2 56758  28.0592 118.5885 8169994 228.5294  26.3288  1.20377611  2103
0 FALCON 9 R/B
1 56758U 23075B   23323.41395253  .00000049  00000-0  82610-3 0  9996
2 56758  28.0572 118.4477 8170243 228.7590  26.1210  1.20377695  2113
0 FALCON 9 R/B
1 56758U 23075B   23325.07449033  .00000089  00000-0  90644-3 0  9996
2 56758  28.0526 118.1560 8170626 229.2309  25.7111  1.20378009  2138
0 FALCON 9 R/B
1 56758U 23075B   23325.07449033  .00000089  00000-0  90644-3 0  9996
2 56758  28.0526 118.1560 8170626 229.2309  25.7111  1.20378009  2138
0 FALCON 9 R/B
1 56758U 23075B   23325.07451504  .00000096  00000-0  98688-3 0  9996
2 56758  28.0538 118.1655 8170684 229.2197  25.7196  1.20378031  2133
0 FALCON 9 R/B
1 56758U 23075B   23326.73506707  .00000128  00000-0  10598-2 0  9995
2 56758  28.0505 117.8836 8171251 229.6800  25.3187  1.20378376  2150
0 FALCON 9 R/B
1 56758U 23075B   23326.73506707  .00000128  00000-0  10598-2 0  9995
2 56758  28.0505 117.8836 8171251 229.6800  25.3187  1.20378376  2150
0 FALCON 9 R/B
1 56758U 23075B   23329.22584192  .00000107  00000-0  11629-2 0  9999
2 56758  28.0461 117.4601 8171990 230.3713  24.6955  1.20378951  2186
0 FALCON 9 R/B
1 56758U 23075B   23330.05607351  .00000072  00000-0  10612-2 0  9997
2 56758  28.0445 117.3221 8172366 230.5976  24.4830  1.20379075  2195
0 FALCON 9 R/B
1 56758U 23075B   23330.88630644  .00000046  00000-0  10881-2 0  9998
2 56758  28.0425 117.1750 8172532 230.8357  24.2653  1.20379251  2208
0 FALCON 9 R/B
1 56758U 23075B   23332.54679970  .00000006  00000-0  11088-2 0  9994
2 56758  28.0377 116.8957 8173113 231.2920  23.8506  1.20379659  2222
0 FALCON 9 R/B
1 56758U 23075B   23332.54680137  .00000006  00000-0  11105-2 0  9991
2 56758  28.0387 116.8945 8173124 231.2930  23.8497  1.20379658  2221
0 FALCON 9 R/B
1 56758U 23075B   23332.54680137  .00000006  00000-0  11105-2 0  9991
2 56758  28.0387 116.8945 8173124 231.2930  23.8497  1.20379658  2221
0 FALCON 9 R/B
1 56758U 23075B   23335.03763089  .00000019  00000-0  12196-2 0  9991
2 56758  28.0327 116.4684 8173930 231.9875  23.2655  1.20380287  2254
0 FALCON 9 R/B
1 56758U 23075B   23335.03763264  .00000016  00000-0  11891-2 0  9994
2 56758  28.0325 116.4681 8173918 231.9878  23.2654  1.20380242  2258
0 FALCON 9 R/B
1 56758U 23075B   23338.35891230  .00000077  00000-0  92283-3 0  9999
2 56758  28.0265 115.9054 8175252 232.9050  22.5736  1.20380752  2298
0 FALCON 9 R/B
1 56758U 23075B   23338.35891230  .00000077  00000-0  92283-3 0  9999
2 56758  28.0265 115.9054 8175252 232.9050  22.5736  1.20380752  2298
0 FALCON 9 R/B
1 56758U 23075B   23340.01958351  .00000113  00000-0  86463-3 0  9997
2 56758  28.0221 115.6172 8175737 233.3744  22.2390  1.20381016  2311
0 FALCON 9 R/B
1 56758U 23075B   23340.84991202  .00000124  00000-0  80257-3 0  9997
2 56758  28.0203 115.4728 8176051 233.6078  22.0709  1.20381113  2320
0 FALCON 9 R/B
1 56758U 23075B   23340.84991202  .00000124  00000-0  80257-3 0  9997
2 56758  28.0203 115.4728 8176051 233.6078  22.0709  1.20381113  2320
0 FALCON 9 R/B
1 56758U 23075B   23340.84991624  .00000123  00000-0  78882-3 0  9995
2 56758  28.0197 115.4753 8176055 233.6047  22.0733  1.20381117  2321
0 FALCON 9 R/B
1 56758U 23075B   23342.51056052  .00000144  00000-0  77034-3 0  9999
2 56758  28.0165 115.1880 8176662 234.0707  21.7314  1.20381448  2346
0 FALCON 9 R/B
1 56758U 23075B   23343.34087612  .00000146  00000-0  75517-3 0  9993
2 56758  28.0144 115.0504 8177063 234.2947  21.5611  1.20381641  2353
0 FALCON 9 R/B
1 56758U 23075B   23343.34087792  .00000148  00000-0  77448-3 0  9999
2 56758  28.0145 115.0481 8176969 234.2994  21.5591  1.20381625  2353
0 FALCON 9 R/B
1 56758U 23075B   23343.34087792  .00000148  00000-0  77448-3 0  9999
2 56758  28.0145 115.0481 8176969 234.2994  21.5591  1.20381625  2353
0 FALCON 9 R/B
1 56758U 23075B   23345.00147891  .00000140  00000-0  81273-3 0  9994
2 56758  28.0101 114.7615 8177557 234.7650  21.2006  1.20382005  2371
0 FALCON 9 R/B
1 56758U 23075B   23346.66204723  .00000108  00000-0  82782-3 0  9995
2 56758  28.0056 114.4669 8178190 235.2390  20.8320  1.20382406  2398
0 FALCON 9 R/B
1 56758U 23075B   23346.66204723  .00000108  00000-0  82782-3 0  9995
2 56758  28.0056 114.4669 8178190 235.2390  20.8320  1.20382406  2398
0 FALCON 9 R/B
1 56758U 23075B   23347.49233800  .00000078  00000-0  74325-3 0  9995
2 56758  28.0033 114.3193 8178490 235.4752  20.6520  1.20382464  2407
0 FALCON 9 R/B
1 56758U 23075B   23348.32267172  .00000067  00000-0  80058-3 0  9995
2 56758  28.0019 114.1888 8179091 235.6918  20.4864  1.20382625  2413
0 FALCON 9 R/B
1 56758U 23075B   23348.32267172  .00000067  00000-0  80058-3 0  9995
2 56758  28.0019 114.1888 8179091 235.6918  20.4864  1.20382625  2413
0 FALCON 9 R/B
1 56758U 23075B   23350.81367740  .00000065  00000-0  90115-3 0  9997
2 56758  27.9962 113.7507 8180003 236.3990  20.0033  1.20383203  2444
0 FALCON 9 R/B
1 56758U 23075B   23350.81367740  .00000065  00000-0  90115-3 0  9997
2 56758  27.9962 113.7507 8180003 236.3990  20.0033  1.20383203  2444
0 FALCON 9 R/B
1 56758U 23075B   23351.64404287  .00000086  00000-0  99098-3 0  9999
2 56758  27.9944 113.6065 8180422 236.6317  19.8563  1.20383426  2455
0 FALCON 9 R/B
1 56758U 23075B   23352.47441368  .00000109  00000-0  10725-2 0  9997
2 56758  27.9924 113.4598 8180714 236.8678  19.7122  1.20383741  2469
0 FALCON 9 R/B
1 56758U 23075B   23353.30476530  .00000124  00000-0  10951-2 0  9997
2 56758  27.9899 113.3104 8181074 237.1077  19.5662  1.20384037  2476
0 FALCON 9 R/B
1 56758U 23075B   23353.30476530  .00000124  00000-0  10951-2 0  9997
2 56758  27.9899 113.3104 8181074 237.1077  19.5662  1.20384037  2476
0 FALCON 9 R/B
1 56758U 23075B   23357.45648871  .00000088  00000-0  13001-2 0  9994
2 56758  27.9810 112.5853 8182930 238.2773  18.8074  1.20385417  2526
0 FALCON 9 R/B
1 56758U 23075B   23357.45648871  .00000088  00000-0  13001-2 0  9994
2 56758  27.9810 112.5853 8182930 238.2773  18.8074  1.20385417  2526
0 FALCON 9 R/B
1 56758U 23075B   23358.28679381  .00000067  00000-0  13700-2 0  9999
2 56758  27.9788 112.4380 8183353 238.5152  18.6440  1.20385820  2532
0 FALCON 9 R/B
1 56758U 23075B   23359.11710760  .00000036  00000-0  13426-2 0  9990
2 56758  27.9767 112.2926 8183761 238.7491  18.4843  1.20386050  2546
0 FALCON 9 R/B
1 56758U 23075B   23359.94742512  .00000017  00000-0  13552-2 0  9990
2 56758  27.9743 112.1459 8184170 238.9842  18.3269  1.20386361  2554
0 FALCON 9 R/B
1 56758U 23075B   23359.94742512  .00000017  00000-0  13552-2 0  9990
2 56758  27.9743 112.1459 8184170 238.9842  18.3269  1.20386361  2554
0 FALCON 9 R/B
1 56758U 23075B   23360.77775121  .00000001  00000-0  13288-2 0  9994
2 56758  27.9727 111.9973 8184504 239.2227  18.1727  1.20386566  2561
0 FALCON 9 R/B
1 56758U 23075B   23361.60809686  .00000022  00000-0  14892-2 0  9996
2 56758  27.9707 111.8501 8184843 239.4597  18.0259  1.20387137  2578
0 FALCON 9 R/B
1 56758U 23075B   23361.60810045  .00000010  00000-0  14008-2 0  9993
2 56758  27.9708 111.8526 8185007 239.4558  18.0271  1.20386934  2574
0 FALCON 9 R/B
1 56758U 23075B   23361.60810045  .00000010  00000-0  14008-2 0  9993
2 56758  27.9708 111.8526 8185007 239.4558  18.0271  1.20386934  2574
0 FALCON 9 R/B
1 56758U 23075B   23363.26881085  .00000038  00000-0  14462-2 0  9993
2 56758  27.9672 111.5543 8185656 239.9356  17.7492  1.20387622  2599
0 FALCON 9 R/B
1 56758U 23075B   23365.75995966  .00000090  00000-0  13779-2 0  9991
2 56758  27.9626 111.1118 8186862 240.6463  17.3758  1.20388513  2625
0 FALCON 9 R/B
1 56758U 23075B   23365.75995966  .00000090  00000-0  13779-2 0  9991
2 56758  27.9626 111.1118 8186862 240.6463  17.3758  1.20388513  2625
0 FALCON 9 R/B
1 56758U 23075B   24002.42075511  .00000130  00000-0  13830-2 0  9992
2 56758  27.9596 110.8166 8187665 241.1217  17.1398  1.20389175  2640
0 FALCON 9 R/B
1 56758U 23075B   24002.42075511  .00000130  00000-0  13830-2 0  9992
2 56758  27.9596 110.8166 8187665 241.1217  17.1398  1.20389175  2640
0 FALCON 9 R/B
1 56758U 23075B   24004.91189959  .00000184  00000-0  14773-2 0  9996
2 56758  27.9549 110.3710 8188816 241.8365  16.7753  1.20390453  2672
0 FALCON 9 R/B
1 56758U 23075B   24004.91189959  .00000184  00000-0  14773-2 0  9996
2 56758  27.9549 110.3710 8188816 241.8365  16.7753  1.20390453  2672
0 FALCON 9 R/B
1 56758U 23075B   24006.57260922  .00000205  00000-0  15826-2 0  9994
2 56758  27.9517 110.0732 8189631 242.3136  16.5150  1.20391445  2699
0 FALCON 9 R/B
1 56758U 23075B   24009.06359828  .00000191  00000-0  17287-2 0  9992
2 56758  27.9468 109.6216 8190669 243.0378  16.1016  1.20393056  2725
0 FALCON 9 R/B
1 56758U 23075B   24009.06359828  .00000191  00000-0  17287-2 0  9992
2 56758  27.9468 109.6216 8190669 243.0378  16.1016  1.20393056  2725
0 FALCON 9 R/B
1 56758U 23075B   24010.72426022  .00000194  00000-0  19168-2 0  9991
2 56758  27.9438 109.3205 8191554 243.5181  15.8314  1.20394320  2742
0 FALCON 9 R/B
1 56758U 23075B   24010.72426022  .00000194  00000-0  19168-2 0  9991
2 56758  27.9438 109.3205 8191554 243.5181  15.8314  1.20394320  2742
0 FALCON 9 R/B
1 56758U 23075B   24011.55459293  .00000200  00000-0  19951-2 0  9997
2 56758  27.9423 109.1696 8192016 243.7582  15.7041  1.20395065  2753
0 FALCON 9 R/B
1 56758U 23075B   24012.38496236  .00000243  00000-0  22328-2 0  9996
2 56758  27.9408 109.0166 8192319 244.0031  15.5844  1.20396032  2761
0 FALCON 9 R/B
1 56758U 23075B   24012.38496236  .00000243  00000-0  22328-2 0  9996
2 56758  27.9408 109.0166 8192319 244.0031  15.5844  1.20396032  2761
0 FALCON 9 R/B
1 56758U 23075B   24014.87602797  .00000290  00000-0  22722-2 0  9993
2 56758  27.9370 108.5570 8193523 244.7297  15.2611  1.20398193  2793
0 FALCON 9 R/B
1 56758U 23075B   24014.87602797  .00000290  00000-0  22722-2 0  9993
2 56758  27.9370 108.5570 8193523 244.7297  15.2611  1.20398193  2793
0 FALCON 9 R/B
1 56758U 23075B   24018.19745771  .00000381  00000-0  25653-2 0  9999
2 56758  27.9321 107.9481 8195107 245.7008  14.8407  1.20401917  2836
0 FALCON 9 R/B
1 56758U 23075B   24018.19745771  .00000381  00000-0  25653-2 0  9999
2 56758  27.9321 107.9481 8195107 245.7008  14.8407  1.20401917  2836
0 FALCON 9 R/B
1 56758U 23075B   24021.51864023  .00000375  00000-0  28581-2 0  9997
2 56758  27.9271 107.3357 8196714 246.6757  14.3611  1.20406424  2876
0 FALCON 9 R/B
1 56758U 23075B   24021.51864023  .00000375  00000-0  28581-2 0  9997
2 56758  27.9271 107.3357 8196714 246.6757  14.3611  1.20406424  2876
0 FALCON 9 R/B
1 56758U 23075B   24024.83975607  .00000381  00000-0  28318-2 0  9991
2 56758  27.9244 106.7185 8198343 247.6551  13.9084  1.20410506  2911
0 FALCON 9 R/B
1 56758U 23075B   24024.83975607  .00000381  00000-0  28318-2 0  9991
2 56758  27.9244 106.7185 8198343 247.6551  13.9084  1.20410506  2911
0 FALCON 9 R/B
1 56758U 23075B   24027.33067901  .00000621  00000-0  33558-2 0  9997
2 56758  27.9181 106.2539 8199615 248.3942  13.6284  1.20416080  2949
0 FALCON 9 R/B
1 56758U 23075B   24027.33067901  .00000621  00000-0  33558-2 0  9997
2 56758  27.9181 106.2539 8199615 248.3942  13.6284  1.20416080  2949
0 FALCON 9 R/B
1 56758U 23075B   24029.82156346  .00000700  00000-0  32374-2 0  9998
2 56758  27.9197 105.7910 8200883 249.1285  13.3820  1.20419972  2971
0 FALCON 9 R/B
1 56758U 23075B   24030.65181293  .00000730  00000-0  32463-2 0  9992
2 56758  27.9179 105.6350 8201152 249.3762  13.3005  1.20421644  2985
0 FALCON 9 R/B
1 56758U 23075B   24030.65181293  .00000730  00000-0  32463-2 0  9992
2 56758  27.9179 105.6350 8201152 249.3762  13.3005  1.20421644  2985
0 FALCON 9 R/B
1 56758U 23075B   24032.31232600  .00000762  00000-0  31604-2 0  9997
2 56758  27.9161 105.3240 8201970 249.8694  13.1290  1.20424228  3007
0 FALCON 9 R/B
1 56758U 23075B   24032.31232600  .00000762  00000-0  31604-2 0  9997
2 56758  27.9161 105.3240 8201970 249.8694  13.1290  1.20424228  3007
0 FALCON 9 R/B
1 56758U 23075B   24035.63306203  .00000919  00000-0  34540-2 0  9992
2 56758  27.9132 104.6989 8203468 250.8606  12.7395  1.20432784  3047
0 FALCON 9 R/B
1 56758U 23075B   24035.63306203  .00000919  00000-0  34540-2 0  9992
2 56758  27.9132 104.6989 8203468 250.8606  12.7395  1.20432784  3047
0 FALCON 9 R/B
1 56758U 23075B   24035.63307783  .00000950  00000-0  35209-2 0  9994
2 56758  27.9137 104.6993 8203587 250.8599  12.7388  1.20433008  3042
0 FALCON 9 R/B
1 56758U 23075B   24035.63307783  .00000950  00000-0  35209-2 0  9994
2 56758  27.9137 104.6993 8203587 250.8599  12.7388  1.20433008  3042
0 FALCON 9 R/B
1 56758U 23075B   24045.59401604  .00002265  00000-0  47734-2 0  9994
2 56758  27.9071 102.7815 8210238 253.8881  11.7032  1.20474193  3167
0 FALCON 9 R/B
1 56758U 23075B   24045.59401604  .00002265  00000-0  47734-2 0  9994
2 56758  27.9071 102.7815 8210238 253.8881  11.7032  1.20474193  3167
0 FALCON 9 R/B
1 56758U 23075B   24047.25376435  .00002069  00000-0  44934-2 0  9993
2 56758  27.9055 102.4601 8210791 254.3950  11.5344  1.20483701  3187
0 FALCON 9 R/B
1 56758U 23075B   24047.25376435  .00002069  00000-0  44934-2 0  9993
2 56758  27.9055 102.4601 8210791 254.3950  11.5344  1.20483701  3187
0 FALCON 9 R/B
1 56758U 23075B   24048.08358891  .00002277  00000-0  49856-2 0  9990
2 56758  27.9053 102.2992 8211260 254.6457  11.4431  1.20490251  3198
0 FALCON 9 R/B
1 56758U 23075B   24048.08358891  .00002277  00000-0  49856-2 0  9990
2 56758  27.9053 102.2992 8211260 254.6457  11.4431  1.20490251  3198
0 FALCON 9 R/B
1 56758U 23075B   24049.74313737  .00002497  00000-0  58091-2 0  9999
2 56758  27.9046 101.9772 8211653 255.1526  11.2630  1.20501671  3212
0 FALCON 9 R/B
1 56758U 23075B   24049.74313737  .00002497  00000-0  58091-2 0  9999
2 56758  27.9046 101.9772 8211653 255.1526  11.2630  1.20501671  3212
0 FALCON 9 R/B
1 56758U 23075B   24049.74315994  .00002527  00000-0  57218-2 0  9990
2 56758  27.9052 101.9756 8212039 255.1592  11.2573  1.20502507  3218
0 FALCON 9 R/B
1 56758U 23075B   24049.74315994  .00002527  00000-0  57218-2 0  9990
2 56758  27.9052 101.9756 8212039 255.1592  11.2573  1.20502507  3218
0 FALCON 9 R/B
1 56758U 23075B   24050.57290870  .00002417  00000-0  56027-2 0  9993
2 56758  27.9048 101.8161 8212537 255.4086  11.1697  1.20506514  3225
0 FALCON 9 R/B
1 56758U 23075B   24051.40254060  .00002470  00000-0  58611-2 0  9997
2 56758  27.9041 101.6556 8212518 255.6633  11.0902  1.20513982  3239
0 FALCON 9 R/B
1 56758U 23075B   24051.40254060  .00002470  00000-0  58611-2 0  9997
2 56758  27.9041 101.6556 8212518 255.6633  11.0902  1.20513982  3239
0 FALCON 9 R/B
1 56758U 23075B   24052.23223629  .00002519  00000-0  60225-2 0  9994
2 56758  27.9041 101.4945 8212543 255.9147  11.0169  1.20520718  3241
0 FALCON 9 R/B
1 56758U 23075B   24052.23223629  .00002519  00000-0  60225-2 0  9994
2 56758  27.9041 101.4945 8212543 255.9147  11.0169  1.20520718  3241
0 FALCON 9 R/B
1 56758U 23075B   24053.06192362  .00002706  00000-0  59771-2 0  9997
2 56758  27.9045 101.3335 8213469 256.1678  10.9412  1.20526304  3254
0 FALCON 9 R/B
1 56758U 23075B   24053.06192362  .00002706  00000-0  59771-2 0  9997
2 56758  27.9045 101.3335 8213469 256.1678  10.9412  1.20526304  3254
0 FALCON 9 R/B
1 56758U 23075B   24058.03888083  .00004309  00000-0  63801-2 0  9991
2 56758  27.9055 100.3658 8215237 257.6916  10.6049  1.20574517  3317
0 FALCON 9 R/B
1 56758U 23075B   24058.03888083  .00004309  00000-0  63801-2 0  9991
2 56758  27.9055 100.3658 8215237 257.6916  10.6049  1.20574517  3317
0 FALCON 9 R/B
1 56758U 23075B   24060.52660302  .00004654  00000-0  62047-2 0  9994
2 56758  27.9055  99.8795 8215903 258.4587  10.4305  1.20598008  3341
0 FALCON 9 R/B
1 56758U 23075B   24060.52660302  .00004654  00000-0  62047-2 0  9994
2 56758  27.9055  99.8795 8215903 258.4587  10.4305  1.20598008  3341
0 FALCON 9 R/B
1 56758U 23075B   24062.18469803  .00004905  00000-0  63943-2 0  9996
2 56758  27.9056  99.5549 8216379 258.9707  10.2916  1.20618223  3363
0 FALCON 9 R/B
1 56758U 23075B   24062.18469803  .00004905  00000-0  63943-2 0  9996
2 56758  27.9056  99.5549 8216379 258.9707  10.2916  1.20618223  3363
0 FALCON 9 R/B
1 56758U 23075B   24066.32852888  .00005648  00000-0  70739-2 0  9991
2 56758  27.9064  98.7387 8217496 260.2523   9.9128  1.20678659  3411
0 FALCON 9 R/B
1 56758U 23075B   24066.32852888  .00005648  00000-0  70739-2 0  9991
2 56758  27.9064  98.7387 8217496 260.2523   9.9128  1.20678659  3411
0 FALCON 9 R/B
1 56758U 23075B   24067.98567270  .00006235  00000-0  71522-2 0  9996
2 56758  27.9085  98.4104 8218161 260.7654   9.7869  1.20704985  3432
0 FALCON 9 R/B
1 56758U 23075B   24067.98581527  .00023395  00000-0  27547-1 0  9990
2 56758  27.9073  98.4023 8216541 260.7828   9.7952  1.20692894  3430
0 FALCON 9 R/B
1 56758U 23075B   24067.98581527  .00023395  00000-0  27547-1 0  9990
2 56758  27.9073  98.4023 8216541 260.7828   9.7952  1.20692894  3430
0 FALCON 9 R/B
1 56758U 23075B   24067.98599458  .00002104  00000-0  29055-2 0  9994
2 56758  27.9080  98.4035 8218735 260.7716   9.7805  1.20693626  3435
0 FALCON 9 R/B
1 56758U 23075B   24067.98599458  .00002104  00000-0  29055-2 0  9994
2 56758  27.9080  98.4035 8218735 260.7716   9.7805  1.20693626  3435
