0 TBA - TO BE ASSIGNED
1 44187U 19021B   19102.12491049 -.00001400  00000-0  00000+0 0  9995
2 44187  22.9281  12.7290 8699691 179.2985  44.4599  0.74745982    01
0 TBA - TO BE ASSIGNED
1 44187U 19021B   19102.12491049 -.00001400  00000-0  00000+0 0  9995
2 44187  22.9281  12.7290 8699691 179.2985  44.4599  0.74745982    01
0 OBJECT B
1 44187U 19021B   19103.98471811 -.00000845 +00000-0 +00000-0 0  9998
2 44187 022.9199 012.5538 8698549 179.7112 183.2721 00.74528484000016
0 OBJECT B
1 44187U 19021B   19104.60000000 -.00005441  44563-5  00000+0 0  9999
2 44187  23.0100  12.6800 8721312 179.6740 348.2130  0.74527810    13
0 FALCON 9 R/B
1 44187U 19021B   19107.98484291  .00005602  00000-0  35372-1 0  9994
2 44187  22.9427  12.1203 8696620 180.4956 176.8576  0.74587816    41
0 FALCON 9 R/B
1 44187U 19021B   19155.97413930 -.00000425 +00000-0 -17772-2 0  9993
2 44187 022.9680 006.9907 8690894 189.6701 115.7185 00.74678818000018
0 FALCON 9 R/B
1 44187U 19021B   19157.30912971 -.00000252 +00000-0 +00000-0 0  9992
2 44187 022.9583 006.8652 8690548 189.8558 114.8223 00.74750803000416
0 FALCON 9 R/B
1 44187U 19021B   19157.30912971 -.00000252  00000-0  00000+0 0  9991
2 44187  22.9583   6.8652 8690548 189.8558 114.8223  0.74750803   416
0 FALCON 9 R/B
1 44187U 19021B   19158.64310605 -.00107960  00000-0 -77921+0 0  9996
2 44187  22.9573   6.7285 8691235 190.1099 113.3777  0.74734233   423
0 FALCON 9 R/B
1 44187U 19021B   19158.64310737 -.00075512  00000-0 -54623+0 0  9993
2 44187  22.9579   6.7285 8691363 190.1169 113.3341  0.74719447   426
0 FALCON 9 R/B
1 44187U 19021B   19162.64402143 -.00000241  00000-0  00000+0 0  9997
2 44187  22.9298   6.3037 8694471 190.8966 108.6553  0.74676319   444
0 FALCON 9 R/B
1 44187U 19021B   19162.64528024 -.00014648 +00000-0 -10895+0 0  9994
2 44187 022.9565 006.3184 8690679 190.8617 108.9891 00.74727923000450
0 FALCON 9 R/B
1 44187U 19021B   19163.97863724 -.00000189  00000-0  00000+0 0  9991
2 44187  22.9751   6.1931 8677804 191.2544 107.0768  0.74707304   469
0 FALCON 9 R/B
1 44187U 19021B   19165.31444596 -.00033991  00000-0 -24642+0 0  9999
2 44187  22.9567   6.0469 8690422 191.3438 106.3743  0.74794321   474
0 FALCON 9 R/B
1 44187U 19021B   19166.64749848 -.00038097 +00000-0 -84330+0 0  9996
2 44187 022.9692 005.9175 8672615 191.7569 104.4746 00.74706681000483
0 FALCON 9 R/B
1 44187U 19021B   19166.64749848 -.00038097  00000-0 -84330+0 0  9996
2 44187  22.9692   5.9175 8672615 191.7569 104.4746  0.74706681   483
0 FALCON 9 R/B
1 44187U 19021B   19167.98230011 -.00069914 +00000-0 -49241+0 0  9995
2 44187 022.9537 005.7711 8691681 191.8312 103.9291 00.74725586000491
0 FALCON 9 R/B
1 44187U 19021B   19167.98230011 -.00069914  00000-0 -49241+0 0  9995
2 44187  22.9537   5.7711 8691681 191.8312 103.9291  0.74725586   491
0 FALCON 9 R/B
1 44187U 19021B   19169.31706971 -.00000283  00000-0  00000+0 0  9990
2 44187  22.9522   5.6360 8690775 192.0533 102.8801  0.74787281   502
0 FALCON 9 R/B
1 44187U 19021B   19170.65148172 -.00000316  00000-0  00000+0 0  9999
2 44187  22.9388   5.4886 8693428 192.3459 101.3258  0.74671365   506
0 FALCON 9 R/B
1 44187U 19021B   19170.65277817 -.00012226 +00000-0 -95088-1 0  9994
2 44187 022.9527 005.5055 8689902 192.3064 101.6358 00.74726612000515
0 FALCON 9 R/B
1 44187U 19021B   19171.98668938 -.00012374  00000-0 -39344+0 0  9994
2 44187  22.9686   5.3788 8664765 192.6387 100.0209  0.74695273   520
0 FALCON 9 R/B
1 44187U 19021B   19182.66388880 -.00000011 +00000-0 +00000-0 0  9998
2 44187 022.9185 004.2722 8688937 194.4589 091.0102 00.74840846000609
0 FALCON 9 R/B
1 44187U 19021B   19182.66388880 -.00000011  00000-0  00000+0 0  9997
2 44187  22.9185   4.2722 8688937 194.4589  91.0102  0.74840846   609
0 FALCON 9 R/B
1 44187U 19021B   19183.99924917 -.00007742  00000-0 -33120+0 0  9999
2 44187  22.9224   4.1434 8658285 194.8008  89.4831  0.74701798   618
0 FALCON 9 R/B
1 44187U 19021B   19190.67316920  .00009603  00000-0  68911-1 0  9995
2 44187  22.9065   3.4673 8692187 195.9430  83.9200  0.74679753   667
0 FALCON 9 R/B
1 44187U 19021B   19193.34349958 -.00082866  00000-0 -55996+0 0  9990
2 44187  22.9007   3.1945 8692016 196.4127  81.9348  0.74749109   688
0 FALCON 9 R/B
1 44187U 19021B   19193.34395995 -.00005369  00000-0 -35525-1 0  9993
2 44187  22.9026   3.1998 8692544 196.4204  81.8831  0.74711032   689
0 FALCON 9 R/B
1 44187U 19021B   19194.67900026 -.00070988  00000-0 -46832+0 0  9997
2 44187  22.8980   3.0592 8692440 196.6587  80.9558  0.74740834   696
0 FALCON 9 R/B
1 44187U 19021B   19194.67948261 -.00001737  00000-0 -10767-1 0  9996
2 44187  22.8995   3.0652 8692655 196.6627  80.9312  0.74703525   696
0 FALCON 9 R/B
1 44187U 19021B   19196.01463575 -.00017854  00000-0 -71019+0 0  9998
2 44187  22.8931   2.9240 8659845 196.9194  79.9259  0.74709365   701
0 FALCON 9 R/B
1 44187U 19021B   19338.24213479 -.00009870 +00000-0 -55682-1 0  9996
2 44187 022.2028 346.7096 8677813 225.3125 020.2575 00.76077466001765
0 FALCON 9 R/B
1 44187U 19021B   19338.24213479 -.00009870  00000-0 -55682-1 0  9996
2 44187  22.2028 346.7096 8677813 225.3125  20.2575  0.76077466  1765
0 FALCON 9 R/B
1 44187U 19021B   19338.24213479 -.00009870 +00000-0 -55682-1 0  9996
2 44187 022.2028 346.7096 8677813 225.3125 020.2575 00.76077466001765
0 FALCON 9 R/B
1 44187U 19021B   19338.24213479 -.00009870 +00000-0 -55682-1 0  9996
2 44187 022.2028 346.7096 8677813 225.3125 020.2575 00.76077466001765
0 FALCON 9 R/B
1 44187U 19021B   19338.24213479 -.00009870 +00000-0 -55682-1 0  9996
2 44187 022.2028 346.7096 8677813 225.3125 020.2575 00.76077466001765
0 FALCON 9 R/B
1 44187U 19021B   21064.37770621  .00003989  00000-0  58427-1 0  9999
2 44187  20.6992 294.9066 8662988 316.8823   1.6933  0.76153692  5240
0 FALCON 9 R/B
1 44187U 19021B   21064.37770621  .00003989  00000-0  58427-1 0  9999
2 44187  20.6992 294.9066 8662988 316.8823   1.6933  0.76153692  5240
0 FALCON 9 R/B
1 44187U 19021B   21068.31756794  .00005031  00000-0  69253-1 0  9991
2 44187  20.6889 294.5198 8664002 317.6162   1.7026  0.76159408  5279
0 FALCON 9 R/B
1 44187U 19021B   21068.31756794  .00005031  00000-0  69253-1 0  9991
2 44187  20.6889 294.5198 8664002 317.6162   1.7026  0.76159408  5279
0 FALCON 9 R/B
1 44187U 19021B   21069.62425450 -.00000540  00000-0 -58570-2 0  9991
2 44187  20.6785 294.4021 8664085 317.8509 359.9627  0.76176124  5264
0 FALCON 9 R/B
1 44187U 19021B   21069.62425450 -.00000540  00000-0 -58570-2 0  9991
2 44187  20.6785 294.4021 8664085 317.8509 359.9627  0.76176124  5275
0 FALCON 9 R/B
1 44187U 19021B   21069.62425450 -.00000540  00000-0 -58570-2 0  9991
2 44187  20.6785 294.4021 8664085 317.8509 359.9627  0.76176124  5275
0 FALCON 9 R/B
1 44187U 19021B   21069.62425450 -.00000540  00000-0 -58570-2 0  9991
2 44187  20.6785 294.4021 8664085 317.8509 359.9627  0.76176124  5275
0 FALCON 9 R/B
1 44187U 19021B   21073.56898095 -.00015999  00000-0 -82551+0 0  9995
2 44187  20.4739 294.4522 8634992 318.0795   1.6858  0.76180551  5313
0 FALCON 9 R/B
1 44187U 19021B   21073.56898095 -.00015999  00000-0 -82551+0 0  9995
2 44187  20.4739 294.4522 8634992 318.0795   1.6858  0.76180551  5313
0 FALCON 9 R/B
1 44187U 19021B   21094.57892067  .00000636  00000-0  69158-2 0  9993
2 44187  20.4502 292.2502 8672268 322.2233   0.9598  0.76165607  5472
0 FALCON 9 R/B
1 44187U 19021B   21094.57892067  .00000636  00000-0  69158-2 0  9993
2 44187  20.4502 292.2502 8672268 322.2233   0.9598  0.76165607  5472
0 FALCON 9 R/B
1 44187U 19021B   21102.45686460 -.00001075  00000-0 -43302-2 0  9991
2 44187  20.3767 291.5400 8674195 323.6355   0.6258  0.76167272  5531
0 FALCON 9 R/B
1 44187U 19021B   21102.45686460 -.00001075  00000-0 -43302-2 0  9991
2 44187  20.3767 291.5400 8674195 323.6355   0.6258  0.76167272  5531
0 FALCON 9 R/B
1 44187U 19021B   21102.45693516  .00006684  00000-0  48030-1 0  9992
2 44187  20.3804 291.5333 8675359 323.6376   0.6250  0.76153948  5531
0 FALCON 9 R/B
1 44187U 19021B   21102.45693516  .00006684  00000-0  48030-1 0  9992
2 44187  20.3804 291.5333 8675359 323.6376   0.6250  0.76153948  5531
0 FALCON 9 R/B
1 44187U 19021B   21123.46804404  .00001241  00000-0  57562-2 0  9991
2 44187  20.1217 289.6319 8683009 327.5160   0.5923  0.76172186  5692
0 FALCON 9 R/B
1 44187U 19021B   21123.46804404  .00001241  00000-0  57562-2 0  9991
2 44187  20.1217 289.6319 8683009 327.5160   0.5923  0.76172186  5692
0 FALCON 9 R/B
1 44187U 19021B   21136.59862494  .00003843  00000-0  95918-2 0  9999
2 44187  19.9211 288.4282 8688211 329.9774   0.6272  0.76197171  5795
0 FALCON 9 R/B
1 44187U 19021B   21136.59870861  .00003754  00000-0  10092-1 0  9996
2 44187  19.9091 288.4382 8687522 329.9693   0.6276  0.76190597  5795
0 FALCON 9 R/B
1 44187U 19021B   21136.59870861  .00003754  00000-0  10092-1 0  9996
2 44187  19.9091 288.4382 8687522 329.9693   0.6276  0.76190597  5795
0 FALCON 9 R/B
1 44187U 19021B   21137.91135523  .00011081  00000-0  27832-1 0  9994
2 44187  19.8889 288.3143 8687664 330.2184   0.6534  0.76182488  5809
0 FALCON 9 R/B
1 44187U 19021B   21137.91137308  .00008669  00000-0  21909-1 0  9994
2 44187  19.8836 288.3145 8687650 330.2187   0.6534  0.76186475  5801
0 FALCON 9 R/B
1 44187U 19021B   21137.91137308  .00008669  00000-0  21909-1 0  9994
2 44187  19.8836 288.3145 8687650 330.2187   0.6534  0.76186475  5801
0 FALCON 9 R/B
1 44187U 19021B   21140.53607868 -.00000765  00000-0  32670-3 0  9998
2 44187  19.8491 288.0584 8688233 330.7238   0.6017  0.76219525  5823
0 FALCON 9 R/B
1 44187U 19021B   21140.53607868 -.00000765  00000-0  32670-3 0  9998
2 44187  19.8491 288.0584 8688233 330.7238   0.6017  0.76219525  5823
0 FALCON 9 R/B
1 44187U 19021B   21140.53607932 -.00000573  00000-0  75843-3 0  9996
2 44187  19.8508 288.0586 8688129 330.7224   0.6018  0.76219492  5827
0 FALCON 9 R/B
1 44187U 19021B   21140.53607932 -.00000573  00000-0  75843-3 0  9996
2 44187  19.8508 288.0586 8688129 330.7224   0.6018  0.76219492  5827
0 FALCON 9 R/B
1 44187U 19021B   21143.16061106  .00007626  00000-0  16728-1 0  9995
2 44187  19.8162 287.7900 8690160 331.2518   0.4893  0.76212683  5845
0 FALCON 9 R/B
1 44187U 19021B   21143.16061106  .00007626  00000-0  16728-1 0  9995
2 44187  19.8162 287.7900 8690160 331.2518   0.4893  0.76212683  5845
0 FALCON 9 R/B
1 44187U 19021B   21144.47266462  .00017886  00000-0  33922-1 0  9996
2 44187  19.7982 287.6634 8690657 331.5116   0.4720  0.76211695  5857
0 FALCON 9 R/B
1 44187U 19021B   21147.09603021  .00047021  00000-0  76705-1 0  9993
2 44187  19.7656 287.3942 8690411 332.0470   0.5589  0.76309130  5879
0 FALCON 9 R/B
1 44187U 19021B   21147.09603021  .00047021  00000-0  76705-1 0  9993
2 44187  19.7656 287.3942 8690411 332.0470   0.5589  0.76309130  5879
0 FALCON 9 R/B
1 44187U 19021B   21149.71442309  .00023683  00000-0  37197-1 0  9994
2 44187  19.7362 287.1289 8688438 332.5661   0.6867  0.76510928  5899
0 FALCON 9 R/B
1 44187U 19021B   21149.71442309  .00023683  00000-0  37197-1 0  9994
2 44187  19.7362 287.1289 8688438 332.5661   0.6867  0.76510928  5899
0 FALCON 9 R/B
1 44187U 19021B   21149.71446554  .00039474  00000-0  60136-1 0  9994
2 44187  19.7381 287.1177 8688798 332.5833   0.6846  0.76497562  5891
0 FALCON 9 R/B
1 44187U 19021B   21149.71446554  .00039474  00000-0  60136-1 0  9994
2 44187  19.7381 287.1177 8688798 332.5833   0.6846  0.76497562  5891
0 FALCON 9 R/B
1 44187U 19021B   21151.02092302  .00015644  00000-0  23576-1 0  9999
2 44187  19.7232 286.9881 8687983 332.8348   0.7076  0.76594862  5903
0 FALCON 9 R/B
1 44187U 19021B   21151.02092302  .00015644  00000-0  23576-1 0  9999
2 44187  19.7232 286.9881 8687983 332.8348   0.7076  0.76594862  5903
0 FALCON 9 R/B
1 44187U 19021B   21151.02101722  .00031761  00000-0  46585-1 0  9999
2 44187  19.7238 286.9829 8688327 332.8433   0.7056  0.76572351  5906
0 FALCON 9 R/B
1 44187U 19021B   21152.32630005  .00013015  00000-0  19331-1 0  9995
2 44187  19.7016 286.8577 8687744 333.0945   0.6945  0.76646384  5917
0 FALCON 9 R/B
1 44187U 19021B   21152.32630005  .00013015  00000-0  19331-1 0  9995
2 44187  19.7016 286.8577 8687744 333.0945   0.6945  0.76646384  5917
0 FALCON 9 R/B
1 44187U 19021B   21152.32645364  .00021507  00000-0  31882-1 0  9999
2 44187  19.6984 286.8556 8687751 333.1000   0.6925  0.76628637  5917
0 FALCON 9 R/B
1 44187U 19021B   21153.63093584  .00014775  00000-0  24594-1 0  9996
2 44187  19.7040 286.7245 8686520 333.3190   0.6742  0.76671882  5928
0 FALCON 9 R/B
1 44187U 19021B   21153.63097419  .00029670  00000-0  43938-1 0  9990
2 44187  19.6763 286.7291 8687551 333.3551   0.6576  0.76647542  5927
0 FALCON 9 R/B
1 44187U 19021B   21153.63097419  .00029670  00000-0  43938-1 0  9990
2 44187  19.6763 286.7291 8687551 333.3551   0.6576  0.76647542  5927
0 FALCON 9 R/B
1 44187U 19021B   21156.23831098  .00710746  00000-0  46200+0 0  9992
2 44187  19.6519 286.4707 8700452 333.8871   0.5801  0.76096083  5941
0 FALCON 9 R/B
1 44187U 19021B   21156.23831098  .00710746  00000-0  46200+0 0  9992
2 44187  19.6519 286.4707 8700452 333.8871   0.5801  0.76096083  5941
0 FALCON 9 R/B
1 44187U 19021B   21156.23841170  .00291571  00000-0  35109+0 0  9990
2 44187  19.6356 286.4632 8691385 333.9061   0.5889  0.76453154  5945
0 FALCON 9 R/B
1 44187U 19021B   21156.23841170  .00291571  00000-0  35109+0 0  9990
2 44187  19.6356 286.4632 8691385 333.9061   0.5889  0.76453154  5945
0 FALCON 9 R/B
1 44187U 19021B   21157.54648392  .00054296  39410-5  81276-3 0  9999
2 44187  19.8833 285.9560 8692555 334.3623   2.5194  0.78208598  5943
0 FALCON 9 R/B
1 44187U 19021B   21157.54648392  .00054296  39410-5  81276-3 0  9999
2 44187  19.8833 285.9560 8692555 334.3623   2.5194  0.78208598  5943
0 FALCON 9 R/B
1 44187U 19021B   21157.79299951  .00054372  00000-0  72858-1 0  9996
2 44187  19.6495 286.2817 8685743 334.1713  70.3885  0.76878035  5951
0 FALCON 9 R/B
1 44187U 19021B   21157.79299951  .00089819  00000-0  89169-1 0  9993
2 44187  19.6517 286.2205 8687342 334.2282  70.4634  0.76955591  5952
0 FALCON 9 R/B
1 44187U 19021B   21160.09038513  .00118526  00000-0  13359+0 0  9999
2 44187  19.6209 286.0134 8679301 334.6576 349.5613  0.77552203  5978
0 FALCON 9 R/B
1 44187U 19021B   21160.09038513  .00118529  00000-0  13359+0 0  9992
2 44187  19.6209 286.0134 8679301 334.6576 349.5613  0.77552203  5967
0 FALCON 9 R/B
1 44187U 19021B   21162.58495470 -.00001018  11710-5  00000+0 0  9996
2 44187  19.3935 284.3799 7263904 337.0026   8.8211  2.36089621  5989
0 FALCON 9 R/B
1 44187U 19021B   21164.53484190  .01206773 -15722-5  10000-3 0  9998
2 44187  19.7167 283.8704 4739264 338.1501  52.3790  6.36283491  6032
