0 TBA - TO BE ASSIGNED
1 46429U 10007AR  20253.06700757  .00050602  00000-0  11123-1 0  9999
2 46429  64.3672 244.9727 5960092  19.5343 355.9727  4.09491847 30003
0 TBA - TO BE ASSIGNED
1 46429U 10007AR  20254.04370573  .00047312  00000-0  10309-1 0  9996
2 46429  64.3730 244.6138 5959677  19.5121 355.9790  4.09594344 30042
0 SL-12 DEB
1 46429U 10007AR  20254.77607494 +.00046054 +00000-0 +98360-2 0  9997
2 46429 064.3774 244.3458 5959880 019.4691 355.9897 04.09666714030071
0 SL-12 DEB
1 46429U 10007AR  20254.77607494  .00046054  00000-0  98360-2 0  9997
2 46429  64.3774 244.3458 5959880  19.4691 355.9897  4.09666714 30071
0 SL-12 DEB
1 46429U 10007AR  20255.75236317  .00054965  00000-0  11497-1 0  9993
2 46429  64.3605 243.9527 5959928  19.4304 355.9982  4.09768895 30113
0 SL-12 DEB
1 46429U 10007AR  20260.38643116  .00056223  00000-0  11859-1 0  9998
2 46429  64.3943 242.2714 5956309  19.3558 355.9813  4.10270188 30307
0 SL-12 DEB
1 46429U 10007AR  20264.04025051  .00062933  00000-0  12194-1 0  9995
2 46429  64.3776 240.9134 5956083  19.2589 355.9835  4.10769250 30457
0 SL-12 DEB
1 46429U 10007AR  20265.01397111  .00067938  00000-0  12486-1 0  9996
2 46429  64.3857 240.5671 5957274  19.1488 356.0100  4.10866161 30499
0 SL-12 DEB
1 46429U 10007AR  20271.09105594  .00109292  00000-0  19080-1 0  9990
2 46429  64.3803 238.2667 5951451  19.0167 356.0264  4.11995167 30742
0 SL-12 DEB
1 46429U 10007AR  20271.81901853 +.00119548 +00000-0 +21062-1 0  9990
2 46429 064.3628 237.9572 5949841 019.0504 356.0125 04.12190674030773
0 SL-12 DEB
1 46429U 10007AR  20271.81901853  .00119548  00000-0  21062-1 0  9990
2 46429  64.3628 237.9572 5949841  19.0504 356.0125  4.12190674 30773
0 SL-12 DEB
1 46429U 10007AR  20274.00088780 +.00120196 +00000-0 +18918-1 0  9996
2 46429 064.3738 237.1446 5949712 018.8837 356.0359 04.12789075030868
0 SL-12 DEB
1 46429U 10007AR  20274.96961348  .00114680  00000-0  17861-1 0  9998
2 46429  64.3725 236.7756 5948458  18.8541 356.0373  4.13031941 30905
0 SL-12 DEB
1 46429U 10007AR  20276.17972687  .00116791  00000-0  18183-1 0  9994
2 46429  64.3712 236.3090 5946489  18.8387 356.0369  4.13330688 30958
0 SL-12 DEB
1 46429U 10007AR  20276.66353029 +.00119232 +00000-0 +18475-1 0  9998
2 46429 064.3685 236.1255 5945848 018.8223 356.0400 04.13450868030976
0 SL-12 DEB
1 46429U 10007AR  20276.66353029  .00119232  00000-0  18475-1 0  9998
2 46429  64.3685 236.1255 5945848  18.8223 356.0400  4.13450868 30976
0 SL-12 DEB
1 46429U 10007AR  20280.52906252  .00189855  00000-0  28616-1 0  9996
2 46429  64.3640 234.6661 5939809  18.7472 356.0644  4.14489845 31133
0 SL-12 DEB
1 46429U 10007AR  20282.45833461  .00115545  00000-0  17050-1 0  9996
2 46429  64.3554 233.9210 5937672  18.6930 356.0806  4.14911668 31215
0 SL-12 DEB
1 46429U 10007AR  20282.45833461 +.00115545 +00000-0 +17050-1 0  9996
2 46429 064.3554 233.9210 5937672 018.6930 356.0806 04.14911668031215
0 SL-12 DEB
1 46429U 10007AR  20282.45833461 +.00115545 +00000-0 +17050-1 0  9996
2 46429 064.3554 233.9210 5937672 018.6930 356.0806 04.14911668031215
0 SL-12 DEB
1 46429U 10007AR  20288.95280484 +.00128292 +00000-0 +17557-1 0  9993
2 46429 064.3384 231.4424 5929154 018.5565 356.0792 04.16572373031486
0 SL-12 DEB
1 46429U 10007AR  20288.95280484  .00128292  00000-0  17557-1 0  9993
2 46429  64.3384 231.4424 5929154  18.5565 356.0792  4.16572373 31486
0 SL-12 DEB
1 46429U 10007AR  20289.91273718 +.00134139 +00000-0 +17303-1 0  9998
2 46429 064.3487 231.0951 5929348 018.4402 356.1048 04.16831171031529
0 SL-12 DEB
1 46429U 10007AR  20289.91273718 +.00134139 +00000-0 +17303-1 0  9998
2 46429 064.3487 231.0951 5929348 018.4402 356.1048 04.16831171031529
0 SL-12 DEB
1 46429U 10007AR  20290.63227886  .00141120  00000-0  17666-1 0  9994
2 46429  64.3596 230.8039 5928942  18.4150 356.1119  4.17036004 31558
0 SL-12 DEB
1 46429U 10007AR  20291.59109000  .00165650  00000-0  21125-1 0  9996
2 46429  64.3600 230.4373 5926349  18.4359 356.1088  4.17336535 31592
0 SL-12 DEB
1 46429U 10007AR  20291.83068264 +.00163442 +00000-0 +20972-1 0  9995
2 46429 064.3583 230.3429 5925629 018.4462 356.1071 04.17415218031608
0 SL-12 DEB
1 46429U 10007AR  20291.83068264  .00163442  00000-0  20972-1 0  9995
2 46429  64.3583 230.3429 5925629  18.4462 356.1071  4.17415218 31608
0 SL-12 DEB
1 46429U 10007AR  20292.54918912 +.00143002 +00000-0 +18199-1 0  9996
2 46429 064.3575 230.0671 5924369 018.4254 356.1148 04.17644015031631
0 SL-12 DEB
1 46429U 10007AR  20292.54918912  .00143002  00000-0  18199-1 0  9996
2 46429  64.3575 230.0671 5924369  18.4254 356.1148  4.17644015 31631
0 SL-12 DEB
1 46429U 10007AR  20292.54918912 +.00143002 +00000-0 +18199-1 0  9996
2 46429 064.3575 230.0671 5924369 018.4254 356.1148 04.17644015031631
0 SL-12 DEB
1 46429U 10007AR  20292.54918912 +.00143002 +00000-0 +18199-1 0  9996
2 46429 064.3575 230.0671 5924369 018.4254 356.1148 04.17644015031631
0 SL-12 DEB
1 46429U 10007AR  20292.54918912 +.00143002 +00000-0 +18199-1 0  9996
2 46429 064.3575 230.0671 5924369 018.4254 356.1148 04.17644015031631
0 SL-12 DEB
1 46429U 10007AR  20295.89681065 +.00185778 +00000+0 +21870-1 0  9998
2 46429  64.3377 228.7594 5918997  18.2875 356.1526  4.18823026031773
0 SL-12 DEB
1 46429U 10007AR  20295.89681065  .00185778  00000-0  21870-1 0  9999
2 46429  64.3377 228.7594 5918997  18.2875 356.1526  4.18823026 31773
0 SL-12 DEB
1 46429U 10007AR  20295.89681065 +.00185778 +00000-0 +21870-1 0  9999
2 46429 064.3377 228.7594 5918997 018.2875 356.1526 04.18823026031773
0 SL-12 DEB
1 46429U 10007AR  20295.89681065 +.00185778 +00000-0 +21870-1 0  9999
2 46429 064.3377 228.7594 5918997 018.2875 356.1526 04.18823026031773
0 SL-12 DEB
1 46429U 10007AR  20295.89681065 +.00185778 +00000-0 +21870-1 0  9999
2 46429 064.3377 228.7594 5918997 018.2875 356.1526 04.18823026031773
0 SL-12 DEB
1 46429U 10007AR  20295.89681065 +.00185778 +00000-0 +21870-1 0  9999
2 46429 064.3377 228.7594 5918997 018.2875 356.1526 04.18823026031773
0 SL-12 DEB
1 46429U 10007AR  20295.89681065  .00185778  00000-0  21870-1 0  9999
2 46429  64.3377 228.7594 5918997  18.2875 356.1526  4.18823026 31773
0 SL-12 DEB
1 46429U 10007AR  20295.89681065  .00185778  00000-0  21870-1 0  9999
2 46429  64.3377 228.7594 5918997  18.2875 356.1526  4.18823026 31773
0 SL-12 DEB
1 46429U 10007AR  20295.89681065  .00185778  00000-0  21870-1 0  9999
2 46429  64.3377 228.7594 5918997  18.2875 356.1526  4.18823026 31773
