0 TBA - TO BE ASSIGNED
1 61734U 24198B   24309.09189423 -.00000084  00000-0  00000-0 0  9992
2 61734  24.9984 187.4315 7218391 178.8536 184.9088  2.30870324    04
0 TBA - TO BE ASSIGNED
1 61734U 24198B   24309.44114340 -.00000088  00000-0  00000+0 0  9990
2 61734  24.9979 187.3013 7217799 179.0819 115.1730  2.30850768    00
0 H-3 R/B
1 61734U 24198B   24309.44114340 -.00000088  00000-0  00000+0 0  9990
2 61734  24.9979 187.3013 7217799 179.0819 115.1730  2.30850768    00
0 H-3 R/B
1 61734U 24198B   24309.52585916  .00100450 -71280-6  17759-2 0  9990
2 61734  24.4389 187.4060 7286345 178.7571 185.4608  2.32330079    12
0 H-3 R/B
1 61734U 24198B   24309.52585916  .00100450 -71280-6  17759-2 0  9990
2 61734  24.4389 187.4060 7286345 178.7571 185.4608  2.32330079    01
0 H-3 R/B
1 61734U 24198B   24312.95015955  .00110803  34530-6  27258-2 0  9996
2 61734  24.4533 186.0261 7276641 181.1289 175.1388  2.33164516    94
0 H-3 R/B
1 61734U 24198B   24312.95015955  .00110803  34530-6  27258-2 0  9996
2 61734  24.4533 186.0261 7276641 181.1289 175.1388  2.33164516    72
0 H-3 R/B
1 61734U 24198B   24313.80499451  .00112579  84981-6  23127-2 0  9996
2 61734  24.4515 185.7001 7277238 181.6613 172.8263  2.33322847    90
0 H-3 R/B
1 61734U 24198B   24314.23198559  .00134658  10745-5  27459-2 0  9999
2 61734  24.4531 185.5343 7276557 181.9565 171.5476  2.33418578   120
0 H-3 R/B
1 61734U 24198B   24314.23198559  .00134658  10745-5  27459-2 0  9999
2 61734  24.4531 185.5343 7276557 181.9565 171.5476  2.33418578   108
0 H-3 R/B
1 61734U 24198B   24314.23199698  .00129635  10746-5  26057-2 0  9997
2 61734  24.4513 185.5342 7276676 181.9547 171.5551  2.33421661   122
0 H-3 R/B
1 61734U 24198B   24314.23199698  .00129635  10746-5  26057-2 0  9997
2 61734  24.4513 185.5342 7276676 181.9547 171.5551  2.33421661   100
0 H-3 R/B
1 61734U 24198B   24315.08540115  .00120187  14118-5  24473-2 0  9995
2 61734  24.4513 185.1947 7274871 182.5417 169.0167  2.33638570   143
0 H-3 R/B
1 61734U 24198B   24315.08540115  .00120187  14118-5  24473-2 0  9995
2 61734  24.4513 185.1947 7274871 182.5417 169.0167  2.33638570   121
0 H-3 R/B
1 61734U 24198B   24318.49117737  .00137113  66614-6  17430-2 0  9994
2 61734  24.4423 183.8246 7271573 184.9526 158.6622  2.34462879   220
0 H-3 R/B
1 61734U 24198B   24318.49117737  .00137113  66614-6  17430-2 0  9994
2 61734  24.4423 183.8246 7271573 184.9526 158.6622  2.34462879   208
0 H-3 R/B
1 61734U 24198B   24318.49117862  .00096479  66636-6  13415-2 0  9995
2 61734  24.4304 183.8257 7271182 184.9471 158.6874  2.34460750   208
0 H-3 R/B
1 61734U 24198B   24320.18981906  .00105284 -32899-6  20072-2 0  9999
2 61734  24.4567 183.1420 7265888 186.0887 153.8735  2.34849263   263
0 H-3 R/B
1 61734U 24198B   24320.18981906  .00105284 -32899-6  20072-2 0  9999
2 61734  24.4567 183.1420 7265888 186.0887 153.8735  2.34849263   241
0 H-3 R/B
1 61734U 24198B   24321.46217776  .00103667 -80943-6  20613-2 0  9995
2 61734  24.4547 182.6315 7263415 186.9719 150.1830  2.35108920   271
0 H-3 R/B
1 61734U 24198B   24321.88600140  .00098513 -88414-6  19452-2 0  9995
2 61734  24.4540 182.4603 7262894 187.2677 148.9538  2.35183413   280
0 H-3 R/B
1 61734U 24198B   24322.73318519  .00093898 -89727-6  18037-2 0  9993
2 61734  24.4506 182.1180 7261842 187.8584 146.5140  2.35352471   324
0 H-3 R/B
1 61734U 24198B   24322.73318519  .00093898 -89727-6  18037-2 0  9993
2 61734  24.4506 182.1180 7261842 187.8584 146.5140  2.35352471   302
0 H-3 R/B
1 61734U 24198B   24323.57990373  .00085856 -74500-6  16406-2 0  9996
2 61734  24.4511 181.7794 7260807 188.4443 144.1139  2.35493201   348
0 H-3 R/B
1 61734U 24198B   24323.57990373  .00085856 -74500-6  16406-2 0  9996
2 61734  24.4511 181.7794 7260807 188.4443 144.1139  2.35493201   326
0 H-3 R/B
1 61734U 24198B   24324.42610136  .00082841 -46512-6  16122-2 0  9995
2 61734  24.4476 181.4361 7259560 189.0383 141.7056  2.35633831   367
0 H-3 R/B
1 61734U 24198B   24324.42610136  .00082841 -46512-6  16122-2 0  9995
2 61734  24.4476 181.4361 7259560 189.0383 141.7056  2.35633831   345
0 H-3 R/B
1 61734U 24198B   24325.27184035  .00083467 -10688-6  16537-2 0  9993
2 61734  24.4484 181.0945 7258308 189.6264 139.3434  2.35776435   386
0 H-3 R/B
1 61734U 24198B   24325.27184035  .00083467 -10688-6  16537-2 0  9993
2 61734  24.4484 181.0945 7258308 189.6264 139.3434  2.35776435   364
0 H-3 R/B
1 61734U 24198B   24326.96177559  .00089211  64516-6  17034-2 0  9997
2 61734  24.4477 180.4106 7256420 190.8087 134.6549  2.36072473   422
0 H-3 R/B
1 61734U 24198B   24326.96177559  .00089211  64516-6  17034-2 0  9997
2 61734  24.4477 180.4106 7256420 190.8087 134.6549  2.36072473   400
0 H-3 R/B
1 61734U 24198B   24327.80601861  .00084688  95533-6  15310-2 0  9990
2 61734  24.4481 180.0696 7255831 191.4003 132.3414  2.36218982   442
0 H-3 R/B
1 61734U 24198B   24327.80601861  .00084688  95533-6  15310-2 0  9990
2 61734  24.4481 180.0696 7255831 191.4003 132.3414  2.36218982   420
0 H-3 R/B
1 61734U 24198B   24328.22794729  .00087723  10801-5  15875-2 0  9996
2 61734  24.4474 179.8977 7255255 191.6968 131.1930  2.36292078   453
0 H-3 R/B
1 61734U 24198B   24328.22794729  .00087723  10801-5  15875-2 0  9996
2 61734  24.4474 179.8977 7255255 191.6968 131.1930  2.36292078   431
0 H-3 R/B
1 61734U 24198B   24330.33558995  .00098456  13103-5  17620-2 0  9997
2 61734  24.4487 179.0451 7252156 193.1683 125.5883  2.36701367   500
0 H-3 R/B
1 61734U 24198B   24330.33558995  .00098456  13103-5  17620-2 0  9997
2 61734  24.4487 179.0451 7252156 193.1683 125.5883  2.36701367   487
0 H-3 R/B
1 61734U 24198B   24331.17762195  .00096977  11999-5  16308-2 0  9998
2 61734  24.4505 178.7015 7251350 193.7623 123.3621  2.36878391   528
0 H-3 R/B
1 61734U 24198B   24331.17762195  .00096977  11999-5  16308-2 0  9998
2 61734  24.4505 178.7015 7251350 193.7623 123.3621  2.36878391   506
0 H-3 R/B
1 61734U 24198B   24332.01910122  .00100729  97749-6  17256-2 0  9999
2 61734  24.4488 178.3634 7249849 194.3493 121.1996  2.37045110   542
0 H-3 R/B
1 61734U 24198B   24332.01910122  .00100729  97749-6  17256-2 0  9999
2 61734  24.4488 178.3634 7249849 194.3493 121.1996  2.37045110   520
0 H-3 R/B
1 61734U 24198B   24333.70037381  .00091812  27238-6  15266-2 0  9990
2 61734  24.4442 177.6744 7247577 195.5357 116.8983  2.37364991   564
0 H-3 R/B
1 61734U 24198B   24334.54024690  .00089924 -14103-6  14955-2 0  9995
2 61734  24.4439 177.3341 7246335 196.1249 114.8091  2.37519663   609
0 H-3 R/B
1 61734U 24198B   24334.54024690  .00089924 -14103-6  14955-2 0  9995
2 61734  24.4439 177.3341 7246335 196.1249 114.8091  2.37519663   586
0 H-3 R/B
1 61734U 24198B   24336.21852668  .00081052 -83618-6  13084-2 0  9998
2 61734  24.4420 176.6490 7244386 197.3080 110.6897  2.37798056   621
0 H-3 R/B
1 61734U 24198B   24336.63783619  .00077903 -94178-6  12601-2 0  9990
2 61734  24.4445 176.4813 7243819 197.5991 109.6987  2.37867112   659
0 H-3 R/B
1 61734U 24198B   24336.63783619  .00077903 -94178-6  12601-2 0  9990
2 61734  24.4445 176.4813 7243819 197.5991 109.6987  2.37867112   637
0 H-3 R/B
1 61734U 24198B   24339.15144708  .00072859 -67185-6  11106-2 0  9992
2 61734  24.4442 175.4562 7241348 199.3700 103.8192  2.38240777   713
0 H-3 R/B
1 61734U 24198B   24339.15144708  .00072859 -67185-6  11106-2 0  9992
2 61734  24.4442 175.4562 7241348 199.3700 103.8192  2.38240777   690
0 H-3 R/B
1 61734U 24198B   24339.98852813  .00075204 -27114-6  10907-2 0  9999
2 61734  24.4453 175.1187 7240665 199.9578 101.9284  2.38360547   736
0 H-3 R/B
1 61734U 24198B   24340.82518107  .00072898  19204-6  10147-2 0  9991
2 61734  24.4418 174.7732 7239871 200.5537 100.0492  2.38490103   754
0 H-3 R/B
1 61734U 24198B   24340.82518107  .00072898  19204-6  10147-2 0  9991
2 61734  24.4418 174.7732 7239871 200.5537 100.0492  2.38490103   732
0 H-3 R/B
1 61734U 24198B   24341.24335722  .00072738  41957-6  97680-3 0  9999
2 61734  24.4411 174.6013 7239553 200.8491  99.1247  2.38553857   760
0 H-3 R/B
1 61734U 24198B   24342.07941173  .00081153  80986-6  10726-2 0  9995
2 61734  24.4396 174.2584 7238624 201.4398  97.3111  2.38684898   784
0 H-3 R/B
1 61734U 24198B   24342.07941173  .00081153  80986-6  10726-2 0  9995
2 61734  24.4396 174.2584 7238624 201.4398  97.3111  2.38684898   762
0 H-3 R/B
1 61734U 24198B   24344.58500498  .00081053  92683-6  98717-3 0  9997
2 61734  24.4361 173.2310 7235902 203.2196  92.0126  2.39085416   841
0 H-3 R/B
1 61734U 24198B   24344.58500498  .00081053  92683-6  98717-3 0  9997
2 61734  24.4361 173.2310 7235902 203.2196  92.0126  2.39085416   829
0 H-3 R/B
1 61734U 24198B   24344.58501997  .00088621  92681-6  10736-2 0  9992
2 61734  24.4387 173.2351 7235919 203.2150  92.0245  2.39086090   843
0 H-3 R/B
1 61734U 24198B   24344.58501997  .00088621  92681-6  10736-2 0  9992
2 61734  24.4387 173.2351 7235919 203.2150  92.0245  2.39086090   821
0 H-3 R/B
1 61734U 24198B   24345.41929110  .00091478  58935-6  10488-2 0  9998
2 61734  24.4363 172.8894 7234997 203.8115  90.3066  2.39237052   866
0 H-3 R/B
1 61734U 24198B   24345.83625455  .00078092  37606-6  87902-3 0  9994
2 61734  24.4358 172.7176 7234581 204.1083  89.4611  2.39301168   875
0 H-3 R/B
1 61734U 24198B   24345.83625455  .00078092  37606-6  87902-3 0  9994
2 61734  24.4358 172.7176 7234581 204.1083  89.4611  2.39301168   853
0 H-3 R/B
1 61734U 24198B   24345.83625829  .00094073  37543-6  71334-3 0  9998
2 61734  24.4455 172.7197 7236583 204.1011  89.4419  2.39301742   875
0 H-3 R/B
1 61734U 24198B   24345.83625829  .00094073  37543-6  71334-3 0  9998
2 61734  24.4455 172.7197 7236583 204.1011  89.4419  2.39301742   853
0 H-3 R/B
1 61734U 24198B   24347.08648893  .00083362 -31990-6  71677-3 0  9993
2 61734  24.4436 172.2072 7234285 204.9903  86.9730  2.39509067   885
0 H-3 R/B
1 61734U 24198B   24347.50298976  .00064853 -53512-6  67464-3 0  9990
2 61734  24.4343 172.0333 7232757 205.2940  86.1566  2.39579830   915
0 H-3 R/B
1 61734U 24198B   24347.50298976  .00064853 -53512-6  67464-3 0  9990
2 61734  24.4343 172.0333 7232757 205.2940  86.1566  2.39579830   892
0 H-3 R/B
1 61734U 24198B   24347.50301453  .00079033 -53536-6  77690-3 0  9999
2 61734  24.4376 172.0341 7233145 205.2915  86.1584  2.39567015   916
0 H-3 R/B
1 61734U 24198B   24347.91942428  .00073230 -72756-6  74058-3 0  9990
2 61734  24.4358 171.8664 7232467 205.5843  85.3640  2.39634819   922
0 H-3 R/B
1 61734U 24198B   24347.91942428  .00073230 -72756-6  74058-3 0  9990
2 61734  24.4358 171.8664 7232467 205.5843  85.3640  2.39634819   900
0 H-3 R/B
1 61734U 24198B   24349.58416563  .00067015 -11477-5  62775-3 0  9990
2 61734  24.4298 171.1738 7231056 206.7787  82.1882  2.39863933   961
0 H-3 R/B
1 61734U 24198B   24349.58416563  .00067015 -11477-5  62775-3 0  9990
2 61734  24.4298 171.1738 7231056 206.7787  82.1882  2.39863933   949
0 H-3 R/B
1 61734U 24198B   24352.49399983  .00065513 -50995-6  57839-3 0  9995
2 61734  24.4259 169.9717 7228337 208.8552  76.9803  2.40261647  1030
0 H-3 R/B
1 61734U 24198B   24352.49399983  .00065513 -50995-6  57839-3 0  9995
2 61734  24.4259 169.9717 7228337 208.8552  76.9803  2.40261647  1018
0 H-3 R/B
1 61734U 24198B   24352.90935144  .00073393 -33715-6  62997-3 0  9993
2 61734  24.4260 169.8032 7228042 209.1480  76.2731  2.40320329  1045
0 H-3 R/B
1 61734U 24198B   24352.90935144  .00073393 -33715-6  62997-3 0  9993
2 61734  24.4260 169.8032 7228042 209.1480  76.2731  2.40320329  1023
0 H-3 R/B
1 61734U 24198B   24354.15479598  .00067097  18518-6  53152-3 0  9998
2 61734  24.4230 169.2859 7227118 210.0385  74.1738  2.40498608  1074
0 H-3 R/B
1 61734U 24198B   24354.15479598  .00067097  18518-6  53152-3 0  9998
2 61734  24.4230 169.2859 7227118 210.0385  74.1738  2.40498608  1052
0 H-3 R/B
1 61734U 24198B   24354.56975293  .00067397  34497-6  52720-3 0  9993
2 61734  24.4231 169.1133 7226714 210.3353  73.4895  2.40560829  1080
0 H-3 R/B
1 61734U 24198B   24354.56975293  .00067397  34497-6  52720-3 0  9993
2 61734  24.4231 169.1133 7226714 210.3353  73.4895  2.40560829  1068
0 H-3 R/B
1 61734U 24198B   24354.98461105  .00072717  49099-6  59950-3 0  9999
2 61734  24.4204 168.9405 7225958 210.6338  72.8147  2.40623537  1094
0 H-3 R/B
1 61734U 24198B   24354.98461105  .00072717  49099-6  59950-3 0  9999
2 61734  24.4204 168.9405 7225958 210.6338  72.8147  2.40623537  1072
0 H-3 R/B
1 61734U 24198B   24357.88578750  .00085637  92925-6  55506-3 0  9990
2 61734  24.4200 167.7434 7223711 212.7062  68.2515  2.41083893  1163
0 H-3 R/B
1 61734U 24198B   24357.88578750  .00085637  92925-6  55506-3 0  9990
2 61734  24.4200 167.7434 7223711 212.7062  68.2515  2.41083893  1141
0 H-3 R/B
1 61734U 24198B   24360.36809477  .00090193  36071-6  51668-3 0  9998
2 61734  24.4139 166.7036 7221022 214.4953  64.5721  2.41517858  1220
0 H-3 R/B
1 61734U 24198B   24360.36809477  .00090193  36071-6  51668-3 0  9998
2 61734  24.4139 166.7036 7221022 214.4953  64.5721  2.41517858  1208
0 H-3 R/B
1 61734U 24198B   24362.43363075  .00073059 -50984-6  37446-3 0  9997
2 61734  24.4124 165.8460 7219202 215.9757  61.6859  2.41830781  1278
0 H-3 R/B
1 61734U 24198B   24362.43363075  .00073059 -50984-6  37446-3 0  9997
2 61734  24.4124 165.8460 7219202 215.9757  61.6859  2.41830781  1256
0 H-3 R/B
1 61734U 24198B   24364.90912144  .00073869 -11343-5  33771-3 0  9999
2 61734  24.4081 164.8091 7217083 217.7621  58.4069  2.42190697  1334
0 H-3 R/B
1 61734U 24198B   24364.90912144  .00073869 -11343-5  33771-3 0  9999
2 61734  24.4081 164.8091 7217083 217.7621  58.4069  2.42190697  1312
0 H-3 R/B
1 61734U 24198B   24365.73352701  .00071872 -10706-5  30846-3 0  9992
2 61734  24.4058 164.4668 7216548 218.3514  57.3715  2.42311136  1358
0 H-3 R/B
1 61734U 24198B   24365.73352701  .00071872 -10706-5  30846-3 0  9992
2 61734  24.4058 164.4668 7216548 218.3514  57.3715  2.42311136  1325
0 H-3 R/B
1 61734U 24198B   24365.73352844  .00073501 -10706-5  31574-3 0  9990
2 61734  24.4058 164.4670 7216539 218.3514  57.3716  2.42311790  1358
0 H-3 R/B
1 61734U 24198B   25001.38119564  .00077887 -51703-6  30429-3 0  9991
2 61734  24.4048 163.7781 7215345 219.5418  55.3511  2.42549534  1396
0 H-3 R/B
1 61734U 24198B   25005.90294301  .00099252  68992-6  33646-3 0  9997
2 61734  24.3995 161.8655 7209995 222.8409  50.2251  2.43371036  1505
0 H-3 R/B
1 61734U 24198B   25005.90294301  .00099252  68992-6  33646-3 0  9997
2 61734  24.3995 161.8655 7209995 222.8409  50.2251  2.43371036  1482
0 H-3 R/B
1 61734U 24198B   25011.22801882  .00084337 -11385-5  20254-3 0  9990
2 61734  24.3852 159.6083 7205057 226.7280  44.8636  2.44306787  1634
0 H-3 R/B
1 61734U 24198B   25011.22801882  .00084337 -11385-5  20254-3 0  9990
2 61734  24.3852 159.6083 7205057 226.7280  44.8636  2.44306787  1612
0 H-3 R/B
1 61734U 24198B   25011.63685485  .00078971 -11315-5  18623-3 0  9991
2 61734  24.3846 159.4342 7204700 227.0276  44.4816  2.44369904  1643
0 H-3 R/B
1 61734U 24198B   25011.63685485  .00078971 -11315-5  18623-3 0  9991
2 61734  24.3846 159.4342 7204700 227.0276  44.4816  2.44369904  1621
0 H-3 R/B
1 61734U 24198B   25012.45420591  .00074236 -10245-5  16644-3 0  9999
2 61734  24.3812 159.0804 7204078 227.6319  43.7228  2.44499457  1665
0 H-3 R/B
1 61734U 24198B   25012.45420591  .00074236 -10245-5  16644-3 0  9999
2 61734  24.3812 159.0804 7204078 227.6319  43.7228  2.44499457  1643
0 H-3 R/B
1 61734U 24198B   25013.27114410  .00090495 -81618-6  20231-3 0  9995
2 61734  24.3822 158.7359 7203015 228.2276  42.9997  2.44644885  1689
0 H-3 R/B
1 61734U 24198B   25013.27114410  .00090495 -81618-6  20231-3 0  9995
2 61734  24.3822 158.7359 7203015 228.2276  42.9997  2.44644885  1667
0 H-3 R/B
1 61734U 24198B   25016.53454665  .00093284  32795-6  21779-3 0  9994
2 61734  24.3544 157.3486 7198672 230.6330  40.2406  2.45180377  1763
0 H-3 R/B
1 61734U 24198B   25016.88839619  .00076861  42925-6  16705-3 0  9999
2 61734  24.5528 157.1482 7198922 230.9219 352.6030  2.45217355  1746
0 H-3 R/B
1 61734U 24198B   25016.94196026  .00093135  44202-6  17669-3 0  9997
2 61734  24.3736 157.1633 7199643 230.9258  39.8966  2.45255025  1778
0 H-3 R/B
1 61734U 24198B   25016.94196026  .00093135  44202-6  17669-3 0  9997
2 61734  24.3736 157.1633 7199643 230.9258  39.8966  2.45255025  1756
0 H-3 R/B
1 61734U 24198B   25017.75640274  .00101027  61909-6  17531-3 0  9997
2 61734  24.3640 156.8205 7198993 231.5205  39.2505  2.45430052  1799
0 H-3 R/B
1 61734U 24198B   25017.75640274  .00101027  61909-6  17531-3 0  9997
2 61734  24.3640 156.8205 7198993 231.5205  39.2505  2.45430052  1777
0 H-3 R/B
1 61734U 24198B   25019.78992655  .00137725  71735-6  20730-3 0  9992
2 61734  24.3613 155.9485 7196411 233.0259  37.6864  2.45912487  1829
0 H-3 R/B
1 61734U 24198B   25020.60215847  .00140192  61153-6  21018-3 0  9991
2 61734  24.3688 155.5882 7194662 233.6288  37.0929  2.46144119  1862
0 H-3 R/B
1 61734U 24198B   25020.60215847  .00140192  61153-6  21018-3 0  9991
2 61734  24.3688 155.5882 7194662 233.6288  37.0929  2.46144119  1840
0 H-3 R/B
1 61734U 24198B   25021.41369087  .00144296  43028-6  20793-3 0  9996
2 61734  24.3661 155.2381 7193356 234.2270  36.5097  2.46355346  1889
0 H-3 R/B
1 61734U 24198B   25021.41369087  .00144296  43028-6  20793-3 0  9996
2 61734  24.3661 155.2381 7193356 234.2270  36.5097  2.46355346  1867
0 H-3 R/B
1 61734U 24198B   25021.41369179  .00152997  43019-6  21304-3 0  9994
2 61734  24.3657 155.2354 7193534 234.2320  36.5019  2.46368627  1888
0 H-3 R/B
1 61734U 24198B   25021.41369179  .00152997  43019-6  21304-3 0  9994
2 61734  24.3657 155.2354 7193534 234.2320  36.5019  2.46368627  1866
0 H-3 R/B
1 61734U 24198B   25022.22443899  .00153450  18746-6  21655-3 0  9999
2 61734  24.3651 154.8855 7191445 234.8351  35.9375  2.46625881  1901
0 H-3 R/B
1 61734U 24198B   25022.22443899  .00153450  18746-6  21655-3 0  9999
2 61734  24.3651 154.8855 7191445 234.8351  35.9375  2.46625881  1888
0 H-3 R/B
1 61734U 24198B   25023.43904516  .00149497 -24183-6  19969-3 0  9995
2 61734  24.3638 154.3581 7189153 235.7399  35.1001  2.46982395  1939
0 H-3 R/B
1 61734U 24198B   25023.43904516  .00149497 -24183-6  19969-3 0  9995
2 61734  24.3638 154.3581 7189153 235.7399  35.1001  2.46982395  1917
0 H-3 R/B
1 61734U 24198B   25024.65183640  .00155166 -65380-6  19483-3 0  9992
2 61734  24.3607 153.8290 7186755 236.6469  34.2882  2.47361927  1962
0 H-3 R/B
1 61734U 24198B   25024.65183640  .00155166 -65380-6  19483-3 0  9992
2 61734  24.3607 153.8290 7186755 236.6469  34.2882  2.47361927  1940
0 H-3 R/B
1 61734U 24198B   25069.58489338  .16487613 -95176-5  20494-2 0  9996
2 61734  24.3610 130.0977 5565473 277.5592 359.9022  4.92494181  3036
0 H-3 R/B
1 61734U 24198B   25070.08720895  .09976362 -90319-5  19817-2 0  9996
2 61734  24.3177 130.9128 6072748 276.1801  22.0624  4.10114731  3067
