0 CZ-3B R/B
1 66587U 25269B   25325.52943694  .00006929 -86139-6  51894-3 0  9995
2 66587  51.3636 174.5119 7521144 224.9566  41.7220  2.01465750    22
0 CZ-3B R/B
1 66587U 25269B   25325.52943694  .00006929 -86139-6  51894-3 0  9995
2 66587  51.3636 174.5119 7521144 224.9566  41.7220  2.01465750    22
0 CZ-3B R/B
1 66587U 25269B   25327.51390515  .00010320 -91384-6  49597-3 0  9999
2 66587  51.3768 174.0599 7525342 225.2938  41.2116  2.01516013    68
0 CZ-3B R/B
1 66587U 25269B   25327.51390516  .00010320 -91384-6  49597-3 0  9990
2 66587  51.3768 174.0599 7525342 225.2938  41.2116  2.01516013    68
0 CZ-3B R/B
1 66587U 25269B   25336.42831524  .00047329 -24560-6  19543-2 0  9997
2 66587  51.3575 172.0321 7520348 226.8728  39.3228  2.02231819   241
0 CZ-3B R/B
1 66587U 25269B   25336.42831525  .00047329 -24560-6  19543-2 0  9998
2 66587  51.3575 172.0321 7520348 226.8728  39.3228  2.02231820   243
0 CZ-3B R/B
1 66587U 25269B   25339.88612404  .00055981 -82846-6  17517-2 0  9997
2 66587  51.3669 171.2323 7520062 227.4915  38.5744  2.02575003   314
0 CZ-3B R/B
1 66587U 25269B   25340.87286363  .00053807 -49902-6  15660-2 0  9997
2 66587  51.3598 171.0029 7519891 227.6683  38.3691  2.02680311   338
0 CZ-3B R/B
1 66587U 25269B   25341.85911506  .00050942 -49325-7  13712-2 0  9993
2 66587  51.3496 170.7741 7519855 227.8456  38.1634  2.02775280   359
0 CZ-3B R/B
1 66587U 25269B   25341.85911889  .00047793 -48519-7  12817-2 0  9996
2 66587  51.3451 170.7737 7519869 227.8445  38.1645  2.02777724   355
0 CZ-3B R/B
1 66587U 25269B   25342.84491911  .00050405  42210-6  12608-2 0  9997
2 66587  51.3469 170.5472 7519772 228.0184  37.9661  2.02868797   372
0 CZ-3B R/B
1 66587U 25269B   25342.84491912  .00050405  42210-6  12608-2 0  9998
2 66587  51.3469 170.5472 7519772 228.0184  37.9661  2.02868797   372
0 CZ-3B R/B
1 66587U 25269B   25342.84491922  .00050168  42215-6  12550-2 0  9996
2 66587  51.3469 170.5472 7519771 228.0184  37.9662  2.02868931   372
0 CZ-3B R/B
1 66587U 25269B   25342.84491923  .00050168  42215-6  12550-2 0  9997
2 66587  51.3469 170.5472 7519771 228.0184  37.9662  2.02868931   372
0 CZ-3B R/B
1 66587U 25269B   25344.32271631  .00055207  98045-6  11971-2 0  9991
2 66587  51.3444 170.2038 7519666 228.2816  37.6674  2.03033273   405
0 CZ-3B R/B
1 66587U 25269B   25344.32271631  .00055207  98045-6  11971-2 0  9991
2 66587  51.3444 170.2038 7519666 228.2816  37.6674  2.03033273   405
0 CZ-3B R/B
1 66587U 25269B   25344.81504637  .00057137  10925-5  11692-2 0  9994
2 66587  51.3442 170.0917 7519519 228.3676  37.5722  2.03086829   418
0 CZ-3B R/B
1 66587U 25269B   25346.78292580  .00067576  10945-5  96663-3 0  9995
2 66587  51.3470 169.6347 7518951 228.7177  37.1847  2.03336189   454
0 CZ-3B R/B
1 66587U 25269B   25351.20156094  .00072738 -91865-6  55684-3 0  9993
2 66587  51.3435 168.6023 7516855 229.5038  36.3416  2.03937792   541
0 CZ-3B R/B
1 66587U 25269B   25352.18178135  .00088610 -14474-5  58948-3 0  9993
2 66587  51.3412 168.3764 7516646 229.6756  36.1575  2.04054650   561
0 CZ-3B R/B
1 66587U 25269B   25354.14014731  .00067546 -21712-5  35296-3 0  9991
2 66587  51.3478 167.9161 7515592 230.0283  35.7966  2.04337277   602
0 CZ-3B R/B
1 66587U 25269B   25354.14014732  .00067546 -21712-5  35296-3 0  9992
2 66587  51.3478 167.9161 7515592 230.0283  35.7966  2.04337277   602
0 CZ-3B R/B
1 66587U 25269B   25358.53279697  .00052382 -92193-6  37057-3 0  9993
2 66587  51.2424 166.9086 7514829 230.5530  35.2645  2.04256277   697
0 CZ-3B R/B
1 66587U 25269B   25358.53279697  .00052382 -92193-6  37057-3 0  9993
2 66587  51.2424 166.9086 7514829 230.5530  35.2645  2.04256277   697
0 CZ-3B R/B
1 66587U 25269B   25361.45453130  .00126489  25003-6  31764-3 0  9998
2 66587  51.3415 166.1990 7509117 231.3155  34.5668  2.05733948   750
0 CZ-3B R/B
1 66587U 25269B   25361.45453130  .00126489  25003-6  31764-3 0  9998
2 66587  51.3415 166.1990 7509117 231.3155  34.5668  2.05733948   750
0 CZ-3B R/B
1 66587U 25269B   25361.45453133  .00126513  24998-6  31787-3 0  9996
2 66587  51.3424 166.1990 7509114 231.3154  34.5669  2.05733848   756
0 CZ-3B R/B
1 66587U 25269B   25361.45453134  .00126513  24998-6  31787-3 0  9997
2 66587  51.3424 166.1990 7509114 231.3154  34.5669  2.05733848   756
0 CZ-3B R/B
1 66587U 25269B   25361.45453258  .00126490  25018-6  31770-3 0  9994
2 66587  51.3406 166.1992 7509112 231.3153  34.5670  2.05734419   752
0 CZ-3B R/B
1 66587U 25269B   25361.45453259  .00126490  25018-6  31770-3 0  9995
2 66587  51.3406 166.1992 7509112 231.3154  34.5670  2.05734419   753
0 CZ-3B R/B
1 66587U 25269B   25364.36591850  .00130452  42087-6  23762-3 0  9998
2 66587  51.3203 165.5040 7506023 231.8467  34.0684  2.06392090   829
0 CZ-3B R/B
1 66587U 25269B   26005.63799705  .00163808 -34634-4  16308-3 0  9997
2 66587  51.3198 163.9862 7496440 233.0168  33.0661  2.08121965   950
0 CZ-3B R/B
1 66587U 25269B   26006.11807510  .00198748 -26138-4  13593-3 0  9999
2 66587  51.3214 163.8736 7498064 233.0623  32.9982  2.08352639   967
0 CZ-3B R/B
1 66587U 25269B   26006.11821879  .00163862 -26166-4  15393-3 0  9993
2 66587  51.3167 163.8713 7495777 233.1059  32.9918  2.08274093   967
0 CZ-3B R/B
1 66587U 25269B   26006.11821879  .00163862 -26166-4  15393-3 0  9993
2 66587  51.3167 163.8713 7495777 233.1059  32.9918  2.08274093   967
0 CZ-3B R/B
1 66587U 25269B   26007.55671171  .00172038 -54513-5  14403-3 0  9994
2 66587  51.3181 163.5262 7493152 233.3600  32.7918  2.08748537   998
0 CZ-3B R/B
1 66587U 25269B   26007.55671171  .00172038 -54513-5  14403-3 0  9994
2 66587  51.3181 163.5262 7493152 233.3600  32.7918  2.08748537   998
0 CZ-3B R/B
1 66587U 25269B   26008.03549170  .00215694 -10322-5  17954-3 0  9991
2 66587  51.3172 163.4079 7491785 233.4518  32.7263  2.08931799  1002
0 CZ-3B R/B
1 66587U 25269B   26008.03549170  .00215694 -10322-5  17954-3 0  9991
2 66587  51.3172 163.4079 7491785 233.4517  32.7263  2.08931799  1001
0 CZ-3B R/B
1 66587U 25269B   26008.03549171  .00215689 -10322-5  17955-3 0  9997
2 66587  51.3172 163.4079 7491785 233.4518  32.7263  2.08931788  1000
0 CZ-3B R/B
1 66587U 25269B   26008.03549191  .00193689 -10196-5  15906-3 0  9997
2 66587  51.3172 163.4079 7492000 233.4510  32.7237  2.08919694  1006
0 CZ-3B R/B
1 66587U 25269B   26008.03549191  .00193689 -10196-5  15906-3 0  9997
2 66587  51.3172 163.4079 7492000 233.4510  32.7237  2.08919694  1006
0 CZ-3B R/B
1 66587U 25269B   26011.37277746  .00345001 -39917-5  21644-3 0  9997
2 66587  51.3132 162.5964 7480101 234.0623  32.3326  2.10718775  1078
0 CZ-3B R/B
1 66587U 25269B   26011.84691692  .00364634 -73273-5  21921-3 0  9993
2 66587  51.3047 162.4754 7477670 234.1532  32.2852  2.11066070  1085
0 CZ-3B R/B
1 66587U 25269B   26012.32026888  .00428752 -10978-4  25105-3 0  9998
2 66587  51.3031 162.3636 7474958 234.2405  32.2456  2.11429912  1091
0 CZ-3B R/B
1 66587U 25269B   26012.32026888  .00428752 -10978-4  25105-3 0  9998
2 66587  51.3031 162.3636 7474958 234.2404  32.2456  2.11429912  1090
0 CZ-3B R/B
1 66587U 25269B   26012.79273476  .00291585 -17479-4  16176-3 0  9999
2 66587  51.3175 162.2278 7472228 234.3414  32.1938  2.11817435  1107
0 CZ-3B R/B
1 66587U 25269B   26012.79273483  .00293003 -17480-4  16252-3 0  9991
2 66587  51.3175 162.2279 7472234 234.3413  32.1938  2.11816922  1104
0 CZ-3B R/B
1 66587U 25269B   26013.73551008  .00386019 -28333-4  19934-3 0  9997
2 66587  51.3173 162.0051 7467564 234.5167  32.1035  2.12472381  1124
0 CZ-3B R/B
1 66587U 25269B   26013.73551009  .00386019 -28333-4  19934-3 0  9998
2 66587  51.3173 162.0051 7467564 234.5167  32.1035  2.12472381  1124
0 CZ-3B R/B
1 66587U 25269B   26013.73551077  .00386485 -28333-4  19966-3 0  9995
2 66587  51.3175 162.0051 7467560 234.5166  32.1037  2.12472457  1127
0 CZ-3B R/B
1 66587U 25269B   26016.07801581  .00412376 -47090-4  17947-3 0  9990
2 66587  51.3134 161.4174 7453695 234.9646  31.9070  2.14375672  1174
0 CZ-3B R/B
1 66587U 25269B   26016.07801654  .00411895 -47089-4  17931-3 0  9997
2 66587  51.3131 161.4175 7453691 234.9643  31.9073  2.14375925  1179
0 CZ-3B R/B
1 66587U 25269B   26017.47365518  .00485953 -47822-4  18400-3 0  9999
2 66587  51.3217 161.0741 7445458 235.2293  31.7946  2.15549821  1206
0 CZ-3B R/B
1 66587U 25269B   26018.39964523  .00550281 -43009-4  19661-3 0  9992
2 66587  51.3121 160.8413 7438975 235.3980  31.7425  2.16424321  1225
0 CZ-3B R/B
1 66587U 25269B   26018.86114918  .00517853 -39089-4  17455-3 0  9999
2 66587  51.3065 160.7184 7435274 235.4928  31.7140  2.16946522  1235
0 CZ-3B R/B
1 66587U 25269B   26019.32158301  .00610894 -34400-4  19927-3 0  9992
2 66587  51.3048 160.6046 7432051 235.5808  31.6847  2.17386562  1247
0 CZ-3B R/B
1 66587U 25269B   26019.78100226  .00658287 -28971-4  20601-3 0  9990
2 66587  51.3018 160.4773 7427221 235.6781  31.6710  2.18036624  1255
0 CZ-3B R/B
1 66587U 25269B   26019.78101649  .00796048 -29029-4  25384-3 0  9996
2 66587  51.2865 160.4865 7427428 235.6678  31.6770  2.17993910  1255
0 CZ-3B R/B
1 66587U 25269B   26020.69594775  .00978910 -17013-4  23102-3 0  9990
2 66587  51.4526 160.2589 7419699 235.8021  31.6746  2.19245820  1274
0 CZ-3B R/B
1 66587U 25269B   26021.15128751  .00786081 -11056-4  23269-3 0  9990
2 66587  51.2959 160.1309 7413331 235.9516  31.6366  2.19848725  1280
0 CZ-3B R/B
1 66587U 25269B   26021.15128759  .00722819 -11043-4  21311-3 0  9999
2 66587  51.2936 160.1286 7413454 235.9576  31.6295  2.19836775  1284
0 CZ-3B R/B
1 66587U 25269B   26026.47093386  .03491482 -20947-4  48436-3 0  9998
2 66587  51.3037 158.6950 7311314 237.1175  32.0973  2.33580171  1402
0 CZ-3B R/B
1 66587U 25269B   26026.47157814  .03492311 -20898-4  56787-3 0  9990
2 66587  51.2971 158.6958 7307813 237.0736  32.1865  2.33900123  1401
0 CZ-3B R/B
1 66587U 25269B   26026.47175767  .04191315 -21103-4  63950-3 0  9998
2 66587  51.2929 158.7019 7308204 237.0925  32.1643  2.33904023  1405
0 CZ-3B R/B
1 66587U 25269B   26026.47252806  .04088689 -21018-4  62774-3 0  9995
2 66587  51.2653 158.6991 7304702 237.0915  32.2159  2.34352617  1405
0 CZ-3B R/B
1 66587U 25269B   26026.47252806  .04088689 -21018-4  62774-3 0  9995
2 66587  51.2653 158.6991 7304702 237.0915  32.2159  2.34352617  1405
0 CZ-3B R/B
1 66587U 25269B   26026.85015014  .01939291 -26494-4  75632-3 0  9996
2 66587  51.2920 158.6020 7291233 237.1415 352.1461  2.35186592  1403
0 CZ-3B R/B
1 66587U 25269B   26033.71218547  .07375301 -37484-5  39301-2 0  9991
2 66587  51.2778 156.3806 6804517 238.9166 343.0380  3.00214384  1589
0 CZ-3B R/B
1 66587U 25269B   26033.71218547  .07375301 -37484-5  39301-2 0  9991
2 66587  51.2778 156.3806 6804517 238.9166 343.0380  3.00214384  1589
0 CZ-3B R/B
1 66587U 25269B   26033.71218549  .07375302 -37484-5  39301-2 0  9994
2 66587  51.2778 156.3806 6804517 238.9166 343.0380  3.00214384  1589
0 CZ-3B R/B
1 66587U 25269B   26033.71218549  .07375302 -37484-5  39301-2 0  9994
2 66587  51.2778 156.3806 6804517 238.9166 343.0380  3.00214384  1589
