1 35497U 09035B   15157.58845836  .00009779  00000-0  69564-3 0  9996
2 35497 005.7838 346.2747 6049456 154.2082 331.1866 04.01411685 69834
1 35497U 09035B   15159.11402530  .00011657  00000-0  81904-3 0  9997
2 35497 005.7825 344.9867 6049402 156.7692 015.8375 04.01443987 69890
1 35497U 09035B   15159.84407547 +.00012633 +00000-0 +88338-3 0  9993
2 35497 005.7828 344.3700 6049333 157.9956 350.9257 04.01462023069931
1 35497U 09035B   15160.44219664  .00012613  00000-0  87811-3 0  9995
2 35497 005.7823 343.8662 6049293 158.9985 135.3825 04.01477014 69959
1 35497U 09035B   15160.84017447 +.00011990 +00000-0 +83246-3 0  9999
2 35497 005.7818 343.5333 6049266 159.6645 350.5905 04.01485672069977
1 35497U 09035B   15161.83621998  .00011914  00000-0  82133-3 0  9991
2 35497 005.7821 342.6869 6049223 161.3421 350.2660 04.01510041 70000
1 35497U 09035B   15162.83227911 +.00011914 +00000-0 +81963-3 0  9999
2 35497 005.7819 341.8440 6049097 163.0160 350.0483 04.01534220070052
1 35497U 09035B   15163.10168285  .00012318  00000-0  84677-3 0  9992
2 35497 005.7819 341.6158 6049081 163.4688 019.4804 04.01540900 70053
1 35497U 09035B   15163.82947471 +.00011530 +00000-0 +79199-3 0  9991
2 35497 005.7816 341.0003 6049001 164.6913 351.5581 04.01557390070096
1 35497U 09035B   15164.26086782  .00011835  00000-0  81265-3 0  9994
2 35497 005.7815 340.6361 6048976 165.4150 255.1891 04.01567159 70108
1 35497U 09035B   15164.82395133 +.00011842 +00000-0 +81332-3 0  9992
2 35497 005.7814 340.1594 6048923 166.3613 349.2193 04.01580560070130
1 35497U 09035B   15166.08912369  .00011873  00000-0  81370-3 0  9994
2 35497 005.7814 339.0882 6048906 168.4869 018.3301 04.01609934 70170