1 33587U 89039EF  09034.69293881  .00021863  00000-0  40984-2 0  9994
2 33587 065.2168 279.7365 5746669 014.7168 356.7997 04.42580251 37710
1 33587U 89039EF  09036.72626529  .00021638  00000-0  41232-2 0  9996
2 33587 065.2119 278.9154 5745496 014.7705 356.5373 04.42660352 37804
1 33587U 89039EF  09039.66280469  .00024236  00000-0  44318-2 0  9996
2 33587 065.1829 277.6977 5745796 014.8480 357.0685 04.42824567 37930
1 33587U 89039EF  09049.14233429  .00023156  00000-0  39500-2 0  9991
2 33587 065.1584 273.8591 5745746 014.2594 356.5132 04.43263456 38356
1 33587U 89039EF  09056.58450765  .00024235  00000-0  37259-2 0  9999
2 33587 065.1368 270.8383 5746702 013.7394 358.0616 04.43647537 38683
1 33587U 89039EF  09063.56876455 -.00001951  00000-0 -28499-3 0  9992
2 33587 065.1533 268.0242 5748090 013.3045 357.4379 04.43816533 38998
1 33587U 89039EF  09067.62437891  .00026061  00000-0  37595-2 0  9993
2 33587 065.1474 266.3790 5745204 013.1852 001.6055 04.44221360 39178
1 33587U 89039EF  09071.67265955  .00025848  00000-0  36654-2 0  9990
2 33587 065.1448 264.7353 5744630 012.9794 357.1115 04.44429917 39354
1 33587U 89039EF  09072.57265344 +.00025917 +00000-0 +36162-2 0  9993
2 33587 065.1403 264.3606 5744946 012.9224 357.1343 04.44477147039395
1 33587U 89039EF  09075.49695610  .00025743  00000-0  36203-2 0  9993
2 33587 065.1430 263.1750 5743751 012.8355 357.1350 04.44627699 39521
1 33587U 89039EF  09081.56736823  .00031205  00000-0  40361-2 0  9990
2 33587 065.1260 260.6936 5743754 012.4408 358.9193 04.45040480 39799
1 33587U 89039EF  09084.48681600  .00030352  00000-0  38755-2 0  9992
2 33587 065.1237 259.5047 5743147 012.2778 357.1344 04.45209583 39922
1 33587U 89039EF  09086.50813874  .00030718  00000-0  43362-2 0  9993
2 33587 065.1184 258.6842 5738904 012.5906 357.2061 04.45338878 40016
1 33587U 89039EF  09088.52877407  .00030616  00000-0  41530-2 0  9991
2 33587 065.1145 257.8594 5739549 012.4089 357.1804 04.45461721 40103
1 33587U 89039EF  09090.54889475  .00030448  00000-0  35969-2 0  9996
2 33587 065.1065 257.0223 5743461 011.9885 357.2090 04.45580316 40190
1 33587U 89039EF  09091.44660690  .00030402  00000-0  34786-2 0  9998
2 33587 065.1068 256.6516 5744142 011.8670 357.2870 04.45632761 40234
1 33587U 89039EF  09095.48474773  .00028064  00000-0  32012-2 0  9992
2 33587 065.0927 255.0005 5742810 011.5710 356.9953 04.45843539 40410
1 33587U 89039EF  09097.50338609  .00026925  00000-0  32191-2 0  9996
2 33587 065.1130 254.1968 5740679 011.6107 357.3073 04.45947120 40506
1 33587U 89039EF  09098.40034009  .00025733  00000-0  30407-2 0  9997
2 33587 065.1125 253.8306 5740856 011.5495 357.3547 04.45991028 40544
1 33587U 89039EF  09099.52137949  .00026461  00000-0  31388-2 0  9996
2 33587 065.1096 253.3698 5740387 011.5049 357.3951 04.46053536 40592
1 33587U 89039EF  09100.41807627  .00027443  00000-0  31740-2 0  9997
2 33587 065.0893 252.9869 5740904 011.4261 357.4395 04.46109004 40631
1 33587U 89039EF  09102.43525408  .00036034  00000-0  41257-2 0  9995
2 33587 065.1025 252.1730 5740103 011.3150 357.7221 04.46279966 40721
1 33587U 89039EF  09111.39162089  .00039394  00000-0  43427-2 0  9995
2 33587 065.0924 248.4983 5736652 010.8526 358.6908 04.46992941 41123
1 33587U 89039EF  09119.43907113  .00005695  00000-0  64501-3 0  9997
2 33587 065.0927 245.2289 5726437 010.4745 356.9515 04.48370651 41483
1 33587U 89039EF  09122.33878749  .00038008  00000-0  38746-2 0  9997
2 33587 065.0714 243.9851 5733875 010.2301 350.5184 04.47811599 41614
1 33587U 89039EF  09130.37690995  .00040912  00000-0  40438-2 0  9993
2 33587 065.0624 240.6633 5730684 009.8035 358.7612 04.48480626 41978
1 33587U 89039EF  09139.28811911  .00043973  00000-0  40438-2 0  9995
2 33587 065.0320 236.9565 5722455 009.2509 003.5315 04.50111427 42373
1 33587U 89039EF  09191.00994891  .00076155  00000-0  50835-2 0  9992
2 33587 065.0755 215.2406 5686300 006.4733 101.6681 04.57246324 44690
1 33587U 89039EF  09219.89573704  .00111539  00000-0  50835-2 0  9992
2 33587 065.0597 202.6899 5636444 004.7869 253.9286 04.66783648 46021
1 33587U 89039EF  09234.68794074  .00124123  00000-0  49415-2 0  9996
2 33587 065.0472 196.1391 5613020 003.9299 040.9738 04.71065646 46719
1 33587U 89039EF  09283.70418170  .00157824  00000-0  49415-2 0  9997
2 33587 065.0740 173.4151 5439134 000.9919 342.5285 04.99970717 49015
1 33587U 89039EF  09289.50356804  .00308962  00000-0  10593-1 0  9991
2 33587 065.0659 170.5792 5412309 000.5941 025.9895 05.03928348 49310
1 33587U 89039EF  09294.63258556  .00295933  00000-0  13551-1 0  9996
2 33587 064.9771 168.0237 5385811 000.9787 357.3014 05.06890955 49576
1 33587U 89039EF  09306.39023114  .00299425  00000-0  92381-2 0  9992
2 33587 065.0645 162.2020 5348905 359.5898 021.6495 05.14726889 50167
1 33587U 89039EF  09331.46361109  .00288849  00000-0  95068-2 0  9990
2 33587 065.1424 149.3609 5237568 358.0354 305.6319 05.32744985 51455
1 33587U 89039EF  10004.20048969  .02196104  00000-0  82023+0 0  9995
2 33587 065.6148 129.5561 4884892 000.2395 078.8680 05.73476766 53465
1 33587U 89039EF  10004.33658463 -.00000018  00000-0  00000+0 0  9997
2 33587 065.0382 129.0574 5173540 355.3402 001.1929 05.43032054 53474
1 33587U 89039EF  10009.29283729 -.00000008  00000-0  00000+0 0  9995
2 33587 065.0126 126.3397 5189417 355.0087 001.2834 05.40340592 53741
1 33587U 89039EF  10009.29286499 -.00000002  00000-0  00000+0 0  9996
2 33587 064.9879 126.3390 5158172 354.9637 001.3726 05.45548610 53444
1 33587U 89039EF  10024.24910039  .00300644  00000-0  95068-2 0  9997
2 33587 065.0014 118.0807 5104361 353.6464 001.7975 05.55114260 54557
1 33587U 89039EF  10032.21851405  .00000043  00000-0  00000+0 0  9993
2 33587 065.0231 113.6626 5111990 353.2837 001.9551 05.53033247 54997
1 33587U 89039EF  10036.01577363  .00154255  00000-0  63405-2 0  9999
2 33587 065.0471 111.5586 5099873 353.1118 014.1995 05.54513800 55203
1 33587U 89039EF  10040.15270993  .00143294  00000-0  52641-2 0  9999
2 33587 065.0372 109.2287 5096572 352.5862 000.8979 05.55662240 55430
1 33587U 89039EF  10046.98005851 +.00186203 +00000-0 +92639-2 0  9993
2 33587 065.0481 105.3906 5070449 352.5823 013.5039 05.58374561055817
1 33587U 89039EF  10049.12200771  .00222908  00000-0  10097-1 0  9990
2 33587 065.0671 104.1853 5066429 352.3026 004.5775 05.59574205 55930
1 33587U 89039EF  10052.15524138  .00218954  00000-0  92566-2 0  9991
2 33587 065.0492 102.4509 5060825 351.9173 002.1405 05.60895858 56108
1 33587U 89039EF  10055.18266866  .00214444  00000-0  10770-1 0  9994
2 33587 064.9758 100.6622 5047461 352.0901 001.7901 05.62167851 56270
1 33587U 89039EF  10059.09056760  .00211782  00000-0  82017-2 0  9994
2 33587 064.9964 098.4374 5046320 351.3559 001.9739 05.63800475 56493
1 33587U 89039EF  10067.04868344 +.00203436 +00000-0 +78512-2 0  9999
2 33587 065.0484 093.9118 5027397 350.5414 359.8983 05.67006960056949
1 33587U 89039EF  10070.04509567  .00217778  00000-0  11092-1 0  9995
2 33587 065.0917 092.2182 5009636 350.7413 004.3975 05.68426188 57112
1 33587U 89039EF  10080.03006920 -.00000043  00000-0  00000+0 0  9991
2 33587 065.0561 086.3378 5001843 349.8064 002.9389 05.70815836 57670
1 33587U 89039EF  10080.03007855 -.00064182  00000-0 -27911-2 0  9997
2 33587 065.0436 086.3320 5004626 349.8853 002.9319 05.70174546 57686
1 33587U 89039EF  10080.03010182  .00225601  00000-0  64917-2 0  9994
2 33587 065.2534 086.4975 5000732 349.2757 003.1312 05.73044698 57688
1 33587U 89039EF  10086.98646679  .00000127  00000-0  00000+0 0  9994
2 33587 065.0298 082.2256 4976496 349.2564 003.1054 05.75015590 58071
1 33587U 89039EF  10086.98648896  .00000093  00000-0  41444-5 0  9992
2 33587 064.9996 082.2255 4975048 349.3272 003.1317 05.75016098 58089
1 33587U 89039EF  10086.98648897  .00000092  00000-0  41042-5 0  9996
2 33587 064.9997 082.2255 4975078 349.3259 003.1321 05.75016093 58088
1 33587U 89039EF  10098.88678812  .00000049  00000-0  00000+0 0  9993
2 33587 065.0649 075.1481 4953547 347.9628 003.4815 05.79822319 58763
1 33587U 89039EF  10104.87234056 -.00000089  00000-0  00000+0 0  9993
2 33587 065.1071 071.5630 4915817 347.9407 003.5199 05.84747396 59104
1 33587U 89039EF  10211.24440227 -.00000175  00000-0  00000+0 0  9998
2 33587 065.5899 004.8806 4858402 341.4623 035.1294 05.84745014 65339
1 33587U 89039EF  10211.40136425  .00001550  00000-0  10000-3 0  9990
2 33587 065.1371 004.5881 4712541 338.8927 006.7302 06.18062608 65333
1 33587U 89039EF  10229.32458571 -.00000102  00000-0  00000+0 0  9997
2 33587 065.0672 353.0146 4727820 337.5391 007.1753 06.14887670 66447
1 33587U 89039EF  10244.25056119 -.00000118  00000-0  00000+0 0  9995
2 33587 065.0538 343.3322 4715641 336.3783 007.6693 06.16384678 67368
1 33587U 89039EF  10256.09398005 -.00000096  00000-0  00000+0 0  9998
2 33587 065.1387 335.6752 4702723 335.7823 094.4740 06.16384246 68096
1 33587U 89039EF  10331.82048423 -.00000034  00000-0  00000+0 0  9991
2 33587 065.0817 284.8342 4557006 328.6706 265.8572 06.45609861 72767
1 33587U 89039EF  11105.19717380  .00122706  00000-0  69467-2 0  9991
2 33587 065.0516 184.6750 4370624 315.4755 016.7563 06.77979342 81694
1 33587U 89039EF  11113.15067346  .00106119  00000-0  63576-2 0  9991
2 33587 065.0406 178.7263 4359416 314.7381 009.2660 06.79522574 82237
1 33587U 89039EF  11166.84210832  .00093463  00000-0  63576-2 0  9992
2 33587 065.0509 138.0534 4300579 309.4091 199.9954 06.88921943 85886
1 33587U 89039EF  11166.84210832  .00093463  00000-0  63576-2 0  9992
2 33587 065.0509 138.0534 4300579 309.4091 199.9954 06.88921943 85886
1 33587U 89039EF  11166.84210832  .00093463  00000-0  63576-2 0  9992
2 33587 065.0509 138.0534 4300579 309.4091 199.9954 06.88921943 85886
1 33587U 89039EF  11166.84210832  .00093463  00000-0  63576-2 0  9992
2 33587  65.0509 138.0534 4300579 309.4091 199.9954  6.88921943 85886
1 33587U 89039EF  11166.84210832 +.00093463 +00000-0 +63576-2 0  9992
2 33587 065.0509 138.0534 4300579 309.4091 199.9954 06.88921943085886
1 33587U 89039EF  11166.84210832 +.00093463 +00000-0 +63576-2 0  9992
2 33587 065.0509 138.0534 4300579 309.4091 199.9954 06.88921943085886
1 33587U 89039EF  11166.84210832 +.00093463 +00000-0 +63576-2 0  9992
2 33587 065.0509 138.0534 4300579 309.4091 199.9954 06.88921943085886
1 33587U 89039EF  11166.84210832 +.00093463 +00000-0 +63576-2 0  9992
2 33587 065.0509 138.0534 4300579 309.4091 199.9954 06.88921943085886
1 33587U 89039EF  11166.84210832 +.00093463 +00000-0 +63576-2 0  9992
2 33587 065.0509 138.0534 4300579 309.4091 199.9954 06.88921943085886
1 33587U 89039EF  11166.84210832 +.00093463 +00000-0 +63576-2 0  9992
2 33587 065.0509 138.0534 4300579 309.4091 199.9954 06.88921943085886
1 33587U 89039EF  11166.84210832 +.00093463 +00000-0 +63576-2 0  9992
2 33587 065.0509 138.0534 4300579 309.4091 199.9954 06.88921943085886
1 33587U 89039EF  11166.84210832 +.00093463 +00000-0 +63576-2 0  9992
2 33587 065.0509 138.0534 4300579 309.4091 199.9954 06.88921943085886
1 33587U 89039EF  11166.84210832 +.00093463 +00000-0 +63576-2 0  9992
2 33587 065.0509 138.0534 4300579 309.4091 199.9954 06.88921943085886
1 33587U 89039EF  11166.84210832 +.00093463 +00000-0 +63576-2 0  9992
2 33587 065.0509 138.0534 4300579 309.4091 199.9954 06.88921943085886
1 33587U 89039EF  11166.84210832 +.00093463 +00000-0 +63576-2 0  9992
2 33587 065.0509 138.0534 4300579 309.4091 199.9954 06.88921943085886
1 33587U 89039EF  22206.43614790  .00011145  00000-0  24212-1 0  9995
2 33587  65.0291 250.9049 3714527 105.5241 297.8486  7.39561995    16
1 33587U 89039EF  22206.43614790  .00011145  00000-0  24212-1 0  9995
2 33587  65.0291 250.9049 3714527 105.5241 297.8486  7.39561995365403
1 33587U 89039EF  22209.41088930  .00012585  00000-0  28599-1 0  9998
2 33587  65.0197 248.5396 3707915 105.2159 298.0725  7.39611983   233
1 33587U 89039EF  22209.54610349  .00008130  00000-0  18504-1 0  9993
2 33587  65.0198 248.4314 3707883 105.1928 298.0947  7.39604451365636
1 33587U 89039EF  22210.49257868  .00005877  00000-0  13584-1 0  9990
2 33587  65.0166 247.6776 3705769 105.0905 298.1697  7.39613076   316
1 33587U 89039EF  22210.49257868  .00005877  00000-0  13584-1 0  9990
2 33587  65.0166 247.6776 3705769 105.0905 298.1697  7.39613076365703
1 33587U 89039EF  22211.57424765  .00006102  00000-0  14298-1 0  9997
2 33587  65.0144 246.8173 3703746 104.9776 298.2562  7.39626028   392
1 33587U 89039EF  22211.57424765  .00006102  00000-0  14298-1 0  9997
2 33587  65.0144 246.8173 3703746 104.9776 298.2562  7.39626028365789
1 33587U 89039EF  22211.84466486  .00003364  00000-0  79369-2 0  9991
2 33587  65.0127 246.6033 3703080 104.9498 298.2754  7.39623196   417
1 33587U 89039EF  22212.52069455  .00006995  00000-0  16662-1 0  9991
2 33587  65.0097 246.0684 3701323 104.8782 298.3244  7.39635155   460
1 33587U 89039EF  22212.79110467  .00008256  00000-0  19767-1 0  9991
2 33587  65.0087 245.8551 3700507 104.8486 298.3436  7.39639703365878
1 33587U 89039EF  22213.46712916  .00004080  00000-0  98468-2 0  9990
2 33587  65.0073 245.3157 3699636 104.7759 298.4042  7.39643569   530
1 33587U 89039EF  22213.46712916  .00004080  00000-0  98468-2 0  9990
2 33587  65.0073 245.3157 3699636 104.7759 298.4042  7.39643569365927
1 33587U 89039EF  22213.60232996  .00005833  00000-0  14132-1 0  9993
2 33587  65.0060 245.2103 3698898 104.7607 298.4103  7.39647826   546
1 33587U 89039EF  22214.41354793  .00005513  00000-0  13457-1 0  9997
2 33587  65.0053 244.5627 3697795 104.6738 298.4818  7.39656308365991
1 33587U 89039EF  22214.54875260  .00002797  00000-0  68509-2 0  9998
2 33587  65.0051 244.4544 3697705 104.6596 298.4946  7.39652975   612
1 33587U 89039EF  22214.54875260  .00002797  00000-0  68509-2 0  9998
2 33587  65.0051 244.4544 3697705 104.6596 298.4946  7.39652975366000
1 33587U 89039EF  22215.49516016  .00002277  00000-0  56730-2 0  9990
2 33587  65.0027 243.7048 3695356 104.5599 298.5637  7.39659875   689
1 33587U 89039EF  22215.49516016  .00002277  00000-0  56730-2 0  9990
2 33587  65.0027 243.7048 3695356 104.5599 298.5637  7.39659875366077
1 33587U 89039EF  22216.44156173  .00003287  00000-0  82733-2 0  9994
2 33587  65.0008 242.9537 3693579 104.4553 298.6444  7.39668384   756
1 33587U 89039EF  22216.57676170  .00002714  00000-0  68483-2 0  9992
2 33587  65.0003 242.8470 3693322 104.4409 298.6552  7.39668285   763
1 33587U 89039EF  22216.57676170  .00002714  00000-0  68483-2 0  9992
2 33587  65.0003 242.8470 3693322 104.4409 298.6552  7.39668285366151
1 33587U 89039EF  22217.38795037  .00007746  00000-0  19643-1 0  9999
2 33587  64.9993 242.2031 3692005 104.3482 298.7296  7.39684644366211
1 33587U 89039EF  22217.52314460  .00009019  00000-0  22909-1 0  9996
2 33587  64.9981 242.0951 3691686 104.3377 298.7360  7.39689101   832
1 33587U 89039EF  22217.79353805  .00006408  00000-0  16336-1 0  9997
2 33587  64.9973 241.8803 3691279 104.3080 298.7601  7.39689750   855
1 33587U 89039EF  22218.46951792  .00004297  00000-0  11032-1 0  9993
2 33587  64.9976 241.3438 3690386 104.2286 298.8265  7.39694792366294
1 33587U 89039EF  22218.73990679  .00005508  00000-0  14161-1 0  9992
2 33587  64.9971 241.1278 3690054 104.1994 298.8508  7.39699008   926
1 33587U 89039EF  22219.41587908  .00003961  00000-0  10251-1 0  9992
2 33587  64.9955 240.5913 3689230 104.1222 298.9159  7.39703104   976
1 33587U 89039EF  22220.49738479  .00019049  00000-0  49441-1 0  9990
2 33587  64.9927 239.7302 3687937 104.0011 299.0177  7.39752675366440
1 33587U 89039EF  22221.44366177  .00014388  00000-0  37633-1 0  9999
2 33587  64.9893 238.9804 3686735 103.8902 299.1106  7.39779557366510
1 33587U 89039EF  22223.47129646  .00010371  00000-0  27555-1 0  9992
2 33587  64.9838 237.3775 3684269 103.6426 299.3199  7.39825433  1276
1 33587U 89039EF  22223.47129646  .00010371  00000-0  27555-1 0  9992
2 33587  64.9838 237.3775 3684269 103.6426 299.3199  7.39825433366663
1 33587U 89039EF  22224.41747889  .00014851  00000-0  39496-1 0  9996
2 33587  64.9783 236.6232 3683819 103.5318 299.4212  7.39857158  1348
1 33587U 89039EF  22224.41747889  .00014851  00000-0  39496-1 0  9996
2 33587  64.9783 236.6232 3683819 103.5318 299.4212  7.39857158366735
1 33587U 89039EF  22225.36363265  .00010317  00000-0  27538-1 0  9990
2 33587  64.9761 235.8775 3683279 103.4094 299.5324  7.39876208  1417
1 33587U 89039EF  22226.44491358  .00011087  00000-0  29695-1 0  9996
2 33587  64.9728 235.0230 3682603 103.2826 299.6459  7.39901787  1498
1 33587U 89039EF  22226.44491358  .00011087  00000-0  29695-1 0  9996
2 33587  64.9728 235.0230 3682603 103.2826 299.6459  7.39901787366885
1 33587U 89039EF  22228.33707700  .00010662  00000-0  28653-1 0  9998
2 33587  64.9681 233.5253 3681879 103.0506 299.8593  7.39941802  1630
1 33587U 89039EF  22228.33707700  .00010662  00000-0  28653-1 0  9998
2 33587  64.9681 233.5253 3681879 103.0506 299.8593  7.39941802367028
1 33587U 89039EF  22229.41826810  .00010756  00000-0  28893-1 0  9992
2 33587  64.9670 232.6665 3681798 102.9187 299.9843  7.39965200  1714
1 33587U 89039EF  22229.41826810  .00010756  00000-0  28893-1 0  9992
2 33587  64.9670 232.6665 3681798 102.9187 299.9843  7.39965200367102
1 33587U 89039EF  22230.09399346  .00018290  00000-0  49042-1 0  9997
2 33587  64.9647 232.1361 3681739 102.8252 300.0727  7.39991544367151
1 33587U 89039EF  22230.36427522  .00020833  00000-0  55804-1 0  9994
2 33587  64.9645 231.9195 3681775 102.7931 300.1036  7.40003841  1788
1 33587U 89039EF  22231.17510493  .00016880  00000-0  45181-1 0  9998
2 33587  64.9620 231.2775 3681810 102.6899 300.2022  7.40027141367230
1 33587U 89039EF  22231.31024025  .00017029  00000-0  45566-1 0  9998
2 33587  64.9604 231.1730 3681823 102.6719 300.2195  7.40032107  1859
1 33587U 89039EF  22231.71564197  .00014129  00000-0  37788-1 0  9996
2 33587  64.9594 230.8514 3681895 102.6243 300.2655  7.40041416  1881
1 33587U 89039EF  22232.39129990  .00015388  00000-0  41038-1 0  9990
2 33587  64.9567 230.3203 3682158 102.5328 300.3555  7.40062830  1936
1 33587U 89039EF  22232.39129990  .00015388  00000-0  41038-1 0  9990
2 33587  64.9567 230.3203 3682158 102.5328 300.3555  7.40062830367324
1 33587U 89039EF  22233.33719598  .00011470  00000-0  30473-1 0  9993
2 33587  64.9527 229.5714 3682695 102.4086 300.4795  7.40082086  2006
1 33587U 89039EF  22233.33719598  .00011470  00000-0  30473-1 0  9993
2 33587  64.9527 229.5714 3682695 102.4086 300.4795  7.40082086367392
1 33587U 89039EF  22234.41818535  .00011714  00000-0  30955-1 0  9990
2 33587  64.9496 228.7131 3683322 102.2716 300.6164  7.40107073  2085
1 33587U 89039EF  22234.41818535  .00011714  00000-0  30955-1 0  9990
2 33587  64.9496 228.7131 3683322 102.2716 300.6164  7.40107073367472
1 33587U 89039EF  22234.68842781  .00009986  00000-0  26348-1 0  9998
2 33587  64.9488 228.4995 3683578 102.2397 300.6496  7.40110860  2108
1 33587U 89039EF  22235.36402517  .00007805  00000-0  20509-1 0  9994
2 33587  64.9472 227.9639 3684183 102.1514 300.7402  7.40122953  2152
1 33587U 89039EF  22235.36402517  .00007805  00000-0  20509-1 0  9994
2 33587  64.9472 227.9639 3684183 102.1514 300.7402  7.40122953367549
1 33587U 89039EF  22236.30984320  .00007339  00000-0  19141-1 0  9998
2 33587  64.9449 227.2137 3685199 102.0302 300.8663  7.40140158  2229
1 33587U 89039EF  22236.58007359  .00007936  00000-0  20635-1 0  9999
2 33587  64.9441 227.0002 3685574 101.9932 300.9055  7.40145792  2241
1 33587U 89039EF  22236.58007359  .00007936  00000-0  20635-1 0  9999
2 33587  64.9441 227.0002 3685574 101.9932 300.9055  7.40145792367638
1 33587U 89039EF  22237.39075262  .00007271  00000-0  18780-1 0  9997
2 33587  64.9420 226.3562 3686496 101.8886 301.0148  7.40159460  2301
1 33587U 89039EF  22237.66097636  .00007630  00000-0  19655-1 0  9997
2 33587  64.9413 226.1417 3686845 101.8532 301.0522  7.40164125  2328
1 33587U 89039EF  22237.66097636  .00007630  00000-0  19655-1 0  9997
2 33587  64.9413 226.1417 3686845 101.8532 301.0522  7.40164125367715
1 33587U 89039EF  22238.33652196  .00009985  00000-0  25554-1 0  9990
2 33587  64.9397 225.6053 3687602 101.7678 301.1412  7.40180993  2376
1 33587U 89039EF  22238.33652196  .00009985  00000-0  25554-1 0  9990
2 33587  64.9397 225.6053 3687602 101.7678 301.1412  7.40180993367763
1 33587U 89039EF  22239.28226917  .00010155  00000-0  25722-1 0  9991
2 33587  64.9388 224.8530 3688980 101.6434 301.2740  7.40200354  2443
1 33587U 89039EF  22240.36308580  .00013716  00000-0  34291-1 0  9996
2 33587  64.9371 223.9933 3690591 101.5021 301.4250  7.40230993  2523
1 33587U 89039EF  22240.36308580  .00013716  00000-0  34291-1 0  9996
2 33587  64.9371 223.9933 3690591 101.5021 301.4250  7.40230993367910
1 33587U 89039EF  22240.63328408  .00013252  00000-0  33018-1 0  9998
2 33587  64.9367 223.7783 3691049 101.4665 301.4636  7.40237509  2541
1 33587U 89039EF  22241.44386036  .00015459  00000-0  38154-1 0  9996
2 33587  64.9352 223.1338 3692229 101.3645 301.5727  7.40261579  2606
1 33587U 89039EF  22241.44386036  .00015459  00000-0  38154-1 0  9996
2 33587  64.9352 223.1338 3692229 101.3645 301.5727  7.40261579367992
1 33587U 89039EF  22242.38950522  .00012613  00000-0  30752-1 0  9992
2 33587  64.9340 222.3805 3693905 101.2414 301.7070  7.40283473  2675
1 33587U 89039EF  22242.38950522  .00012613  00000-0  30752-1 0  9992
2 33587  64.9340 222.3805 3693905 101.2414 301.7070  7.40283473368063
1 33587U 89039EF  22243.33511223  .00017778  00000-0  42750-1 0  9997
2 33587  64.9325 221.6276 3695573 101.1149 301.8442  7.40318412  2743
1 33587U 89039EF  22243.33511223  .00017778  00000-0  42750-1 0  9997
2 33587  64.9325 221.6276 3695573 101.1149 301.8442  7.40318412368131
1 33587U 89039EF  22244.41575675  .00018826  00000-0  44574-1 0  9999
2 33587  64.9306 220.7665 3697535 100.9731 301.9988  7.40355708  2822
1 33587U 89039EF  22244.41575675  .00018826  00000-0  44574-1 0  9999
2 33587  64.9306 220.7665 3697535 100.9731 301.9988  7.40355708368210
1 33587U 89039EF  22245.36127432  .00016453  00000-0  38393-1 0  9994
2 33587  64.9288 220.0127 3699449 100.8480 302.1370  7.40387259  2894
1 33587U 89039EF  22245.63141399  .00024393  00000-0  56621-1 0  9998
2 33587  64.9279 219.7984 3699964 100.8120 302.1763  7.40405726  2912
1 33587U 89039EF  22245.63141399  .00024393  00000-0  56621-1 0  9998
2 33587  64.9279 219.7984 3699964 100.8120 302.1763  7.40405726368300
1 33587U 89039EF  22246.30673639  .00030479  00000-0  69772-1 0  9993
2 33587  64.9253 219.2615 3701598 100.7219 302.2786  7.40445783  2963
1 33587U 89039EF  22246.30673639  .00030479  00000-0  69772-1 0  9993
2 33587  64.9253 219.2615 3701598 100.7219 302.2786  7.40445783368351
1 33587U 89039EF  22247.38716603  .00034299  00000-0  76842-1 0  9991
2 33587  64.9218 218.3997 3704119 100.5781 302.4406  7.40522028  3040
1 33587U 89039EF  22247.38716603  .00034299  00000-0  76842-1 0  9991
2 33587  64.9218 218.3997 3704119 100.5781 302.4406  7.40522028368437
1 33587U 89039EF  22247.65725114  .00044525  00000-0  99218-1 0  9993
2 33587  64.9211 218.1843 3704550 100.5449 302.4763  7.40555114  3061
1 33587U 89039EF  22248.06235827  .00047855  00000-0  10578+0 0  9995
2 33587  64.9200 217.8603 3705384 100.4920 302.5347  7.40597570368489
1 33587U 89039EF  22248.33241891  .00047826  00000-0  10513+0 0  9990
2 33587  64.9191 217.6445 3706001 100.4569 302.5742  7.40623920  3110
1 33587U 89039EF  22248.60247014  .00045785  00000-0  10010+0 0  9997
2 33587  64.9184 217.4284 3706634 100.4215 302.6142  7.40648381  3136
1 33587U 89039EF  22249.14254066  .00045671  00000-0  99061-1 0  9991
2 33587  64.9176 216.9947 3707422 100.3553 302.6842  7.40700882368560
1 33587U 89039EF  22250.35757728  .00041866  00000-0  88483-1 0  9997
2 33587  64.9162 216.0210 3710413 100.1935 302.8674  7.40807726  3268
1 33587U 89039EF  22250.35757728  .00041866  00000-0  88483-1 0  9997
2 33587  64.9162 216.0210 3710413 100.1935 302.8674  7.40807726368655
1 33587U 89039EF  22251.30248066  .00043745  00000-0  90671-1 0  9993
2 33587  64.9149 215.2622 3712548 100.0722 303.0032  7.40894423  3334
1 33587U 89039EF  22251.30248066  .00043745  00000-0  90671-1 0  9993
2 33587  64.9149 215.2622 3712548 100.0722 303.0032  7.40894423368721
1 33587U 89039EF  22251.97733654  .00047552  00000-0  97315-1 0  9990
2 33587  64.9139 214.7203 3713826  99.9877 303.0952  7.40964677368771
1 33587U 89039EF  22252.24725918  .00054822  00000-0  11145+0 0  9998
2 33587  64.9133 214.5031 3714426  99.9537 303.1333  7.41002204  3402
1 33587U 89039EF  22253.05696199  .00054099  00000-0  10800+0 0  9999
2 33587  64.9123 213.8515 3716367  99.8499 303.2505  7.41092628368856
1 33587U 89039EF  22253.32683567  .00061227  00000-0  12138+0 0  9991
2 33587  64.9090 213.6375 3716977  99.8137 303.2905  7.41135702  3487
1 33587U 89039EF  22253.32683567  .00061227  00000-0  12138+0 0  9991
2 33587  64.9090 213.6375 3716977  99.8137 303.2905  7.41135702368874
1 33587U 89039EF  22253.86654975  .00064935  00000-0  12695+0 0  9998
2 33587  64.9082 213.2038 3718394  99.7417 303.3725  7.41207600  3528
1 33587U 89039EF  22253.86654975  .00064935  00000-0  12695+0 0  9998
2 33587  64.9082 213.2038 3718394  99.7417 303.3725  7.41207600368915
1 33587U 89039EF  22254.27130781  .00058610  00000-0  11339+0 0  9995
2 33587  64.9076 212.8776 3719626  99.6859 303.4375  7.41249421  3555
1 33587U 89039EF  22254.27130781  .00058610  00000-0  11339+0 0  9995
2 33587  64.9076 212.8776 3719626  99.6859 303.4375  7.41249421368942
1 33587U 89039EF  22255.08075200  .00055786  00000-0  10576+0 0  9992
2 33587  64.9060 212.2251 3721872  99.5800 303.5597  7.41334327369003
1 33587U 89039EF  22255.35054617  .00053244  00000-0  10054+0 0  9999
2 33587  64.9063 212.0066 3722289  99.5476 303.5939  7.41358344  3639
1 33587U 89039EF  22255.35054617  .00053244  00000-0  10054+0 0  9999
2 33587  64.9063 212.0066 3722289  99.5476 303.5939  7.41358344369027
1 33587U 89039EF  22255.89010222  .00054138  00000-0  10078+0 0  9991
2 33587  64.9057 211.5715 3723833  99.4790 303.6740  7.41417006  3677
1 33587U 89039EF  22256.56448157  .00057000  00000-0  10447+0 0  9999
2 33587  64.9059 211.0251 3725396  99.3987 303.7648  7.41496620  3725
1 33587U 89039EF  22256.56448157  .00057000  00000-0  10447+0 0  9999
2 33587  64.9059 211.0251 3725396  99.3987 303.7648  7.41496620369113
1 33587U 89039EF  22257.23878940  .00055963  00000-0  10086+0 0  9996
2 33587  64.9046 210.4799 3727165  99.3124 303.8632  7.41574746  3775
1 33587U 89039EF  22258.18269804  .00077245  00000-0  13592+0 0  9996
2 33587  64.9026 209.7139 3729301  99.1969 303.9921  7.41709283369235
1 33587U 89039EF  22258.31752991  .00076546  00000-0  13420+0 0  9998
2 33587  64.9026 209.6040 3729692  99.1806 304.0114  7.41725294  3857
1 33587U 89039EF  22258.31752991  .00076546  00000-0  13420+0 0  9998
2 33587  64.9026 209.6040 3729692  99.1806 304.0114  7.41725294369245
1 33587U 89039EF  22259.12645223  .00062635  00000-0  10732+0 0  9994
2 33587  64.9004 208.9500 3732281  99.0781 304.1336  7.41817586369303
1 33587U 89039EF  22259.26126110  .00061888  00000-0  10563+0 0  9999
2 33587  64.9001 208.8405 3732689  99.0610 304.1537  7.41835063  3922
1 33587U 89039EF  22260.07005066  .00065128  00000-0  10874+0 0  9992
2 33587  64.8989 208.1829 3734886  98.9562 304.2732  7.41940225  3985
1 33587U 89039EF  22260.07005066  .00065128  00000-0  10874+0 0  9992
2 33587  64.8989 208.1829 3734886  98.9562 304.2732  7.41940225369373
1 33587U 89039EF  22260.60918467  .00060603  00000-0  99577-1 0  9991
2 33587  64.8980 207.7439 3736636  98.8921 304.3510  7.42000745369414
1 33587U 89039EF  22260.87873248  .00063881  00000-0  10425+0 0  9991
2 33587  64.8974 207.5250 3737265  98.8596 304.3873  7.42037087  4049
1 33587U 89039EF  22261.14826562  .00065333  00000-0  10563+0 0  9996
2 33587  64.8964 207.3058 3738220  98.8253 304.4291  7.42075137  4069
1 33587U 89039EF  22261.14826562  .00065333  00000-0  10563+0 0  9996
2 33587  64.8964 207.3058 3738220  98.8253 304.4291  7.42075137369456
1 33587U 89039EF  22261.55254230  .00070798  00000-0  11302+0 0  9991
2 33587  64.8957 206.9768 3739438  98.7748 304.4884  7.42135184  4094
1 33587U 89039EF  22261.55254230  .00070798  00000-0  11302+0 0  9991
2 33587  64.8957 206.9768 3739438  98.7748 304.4884  7.42135184369481
1 33587U 89039EF  22262.22626216  .00073361  00000-0  11524+0 0  9998
2 33587  64.8942 206.4309 3740881  98.6892 304.5816  7.42233945  4143
1 33587U 89039EF  22262.22626216  .00073361  00000-0  11524+0 0  9998
2 33587  64.8942 206.4309 3740881  98.6892 304.5816  7.42233945369530
1 33587U 89039EF  22263.30401952  .00076362  00000-0  11628+0 0  9995
2 33587  64.8935 205.5501 3743800  98.5592 304.7314  7.42401267  4227
1 33587U 89039EF  22263.30401952  .00076362  00000-0  11628+0 0  9995
2 33587  64.8935 205.5501 3743800  98.5592 304.7314  7.42401267369614
1 33587U 89039EF  22264.24685315  .00080399  00000-0  11877+0 0  9997
2 33587  64.8918 204.7815 3746645  98.4361 304.8738  7.42557551369683
1 33587U 89039EF  22264.51619826  .00076236  00000-0  11177+0 0  9999
2 33587  64.8913 204.5600 3747404  98.4086 304.9070  7.42595564  4318
1 33587U 89039EF  22264.51619826  .00076236  00000-0  11177+0 0  9999
2 33587  64.8913 204.5600 3747404  98.4086 304.9070  7.42595564369705
1 33587U 89039EF  22265.59343352  .00075316  00000-0  10711+0 0  9997
2 33587  64.8918 203.6795 3750242  98.2905 305.0447  7.42756468  4390
1 33587U 89039EF  22265.59343352  .00075316  00000-0  10711+0 0  9997
2 33587  64.8918 203.6795 3750242  98.2905 305.0447  7.42756468369787
1 33587U 89039EF  22266.26659780  .00080980  00000-0  11255+0 0  9994
2 33587  64.8895 203.1286 3752421  98.2027 305.1476  7.42858679369833
1 33587U 89039EF  22266.53583849  .00080989  00000-0  11164+0 0  9994
2 33587  64.8886 202.9072 3753207  98.1721 305.1837  7.42896567  4460
1 33587U 89039EF  22267.20885722  .00095925  00000-0  12939+0 0  9991
2 33587  64.8867 202.3539 3754981  98.0966 305.2710  7.43023949  4515
1 33587U 89039EF  22267.20885722  .00095925  00000-0  12939+0 0  9991
2 33587  64.8867 202.3539 3754981  98.0966 305.2710  7.43023949369902
1 33587U 89039EF  22267.88174453  .00116590  00000-0  15373+0 0  9994
2 33587  64.8865 201.8007 3756628  98.0168 305.3606  7.43184130  4561
1 33587U 89039EF  22268.01630449  .00118705  00000-0  15549+0 0  9997
2 33587  64.8859 201.6908 3757213  98.0016 305.3806  7.43217423  4570
1 33587U 89039EF  22268.01630449  .00118705  00000-0  15549+0 0  9997
2 33587  64.8859 201.6908 3757213  98.0016 305.3806  7.43217423369967
1 33587U 89039EF  22268.55450457  .00100696  00000-0  12947+0 0  9994
2 33587  64.8857 201.2457 3759056  97.9357 305.4600  7.43311011  4612
1 33587U 89039EF  22268.55450457  .00100696  00000-0  12947+0 0  9994
2 33587  64.8857 201.2457 3759056  97.9357 305.4600  7.43311011370001
1 33587U 89039EF  22269.09261827  .00097118  00000-0  12297+0 0  9997
2 33587  64.8862 200.8021 3760297  97.8781 305.5251  7.43418003  4655
1 33587U 89039EF  22269.09261827  .00097118  00000-0  12297+0 0  9997
2 33587  64.8862 200.8021 3760297  97.8781 305.5251  7.43418003370044
1 33587U 89039EF  22270.97542026  .00140909  00000-0  16497+0 0  9992
2 33587  64.8865 199.2553 3766650  97.6360 305.8110  7.43859790370182
1 33587U 89039EF  22271.10986028  .00133896  00000-0  15663+0 0  9993
2 33587  64.8863 199.1462 3766655  97.6329 305.8137  7.43884819  4800
1 33587U 89039EF  22271.10986028  .00133896  00000-0  15663+0 0  9993
2 33587  64.8863 199.1462 3766655  97.6329 305.8137  7.43884819370198
1 33587U 89039EF  22271.91635586  .00128356  00000-0  14549+0 0  9999
2 33587  64.8859 198.4826 3769145  97.5434 305.9207  7.44095623370256
1 33587U 89039EF  22272.18513530  .00130371  00000-0  14652+0 0  9998
2 33587  64.8855 198.2574 3769689  97.5072 305.9587  7.44169214  4883
1 33587U 89039EF  22273.12566461  .00147709  00000-0  15933+0 0  9990
2 33587  64.8864 197.4674 3772709  97.3798 306.1047  7.44440772370347
1 33587U 89039EF  22273.25999246  .00160438  00000-0  17180+0 0  9995
2 33587  64.8866 197.3557 3773127  97.3646 306.1229  7.44496640  4964
1 33587U 89039EF  22273.25999246  .00160438  00000-0  17180+0 0  9995
2 33587  64.8866 197.3557 3773127  97.3646 306.1229  7.44496640370353
1 33587U 89039EF  22273.79723070  .00179211  00000-0  18858+0 0  9996
2 33587  64.8850 196.9127 3773893  97.3125 306.1772  7.44684108  5004
1 33587U 89039EF  22274.20007578  .00162701  00000-0  16843+0 0  9999
2 33587  64.8830 196.5765 3775197  97.2620 306.2362  7.44800189  5032
1 33587U 89039EF  22274.20007578  .00162701  00000-0  16843+0 0  9999
2 33587  64.8830 196.5765 3775197  97.2620 306.2362  7.44800189370420
1 33587U 89039EF  22274.87132668  .00174606  00000-0  17646+0 0  9990
2 33587  64.8823 196.0177 3776483  97.1848 306.3182  7.45031847  5080
1 33587U 89039EF  22274.87132668  .00174606  00000-0  17646+0 0  9990
2 33587  64.8823 196.0177 3776483  97.1848 306.3182  7.45031847370478
1 33587U 89039EF  22275.54236554  .00188706  00000-0  18553+0 0  9998
2 33587  64.8806 195.4576 3778067  97.1076 306.4036  7.45274415  5135
1 33587U 89039EF  22275.54236554  .00188706  00000-0  18553+0 0  9998
2 33587  64.8806 195.4576 3778067  97.1076 306.4036  7.45274415370523
1 33587U 89039EF  22276.07903559  .00223767  00000-0  21545+0 0  9995
2 33587  64.8810 195.0142 3778805  97.0449 306.4667  7.45507425370560
1 33587U 89039EF  22276.48141912  .00241264  00000-0  22860+0 0  9990
2 33587  64.8813 194.6774 3779384  97.0024 306.5103  7.45694358370592
1 33587U 89039EF  22276.74961864  .00253370  00000-0  23753+0 0  9998
2 33587  64.8813 194.4536 3779709  96.9733 306.5393  7.45827470  5221
1 33587U 89039EF  22276.88368948  .00276172  00000-0  25701+0 0  9997
2 33587  64.8814 194.3409 3779819  96.9619 306.5505  7.45922120370627
1 33587U 89039EF  22277.15179833  .00295158  00000-0  27153+0 0  9999
2 33587  64.8809 194.1185 3780018  96.9229 306.5867  7.46085318  5255
1 33587U 89039EF  22277.15179833  .00295158  00000-0  27153+0 0  9999
2 33587  64.8809 194.1185 3780018  96.9229 306.5867  7.46085318370643
1 33587U 89039EF  22278.08976497  .00310670  00000-0  27573+0 0  9996
2 33587  64.8814 193.3339 3780759  96.8174 306.6869  7.46619389370713
1 33587U 89039EF  22278.49154237  .00297348  00000-0  25947+0 0  9990
2 33587  64.8818 192.9957 3781455  96.7720 306.7342  7.46833555  5353
1 33587U 89039EF  22278.49154237  .00297348  00000-0  25947+0 0  9990
2 33587  64.8818 192.9957 3781455  96.7720 306.7342  7.46833555370741
1 33587U 89039EF  22279.16087287  .00351288  00000-0  29764+0 0  9990
2 33587  64.8829 192.4338 3781652  96.6944 306.8037  7.47291418  5404
1 33587U 89039EF  22279.16087287  .00351288  00000-0  29764+0 0  9990
2 33587  64.8829 192.4338 3781652  96.6944 306.8037  7.47291418370791
1 33587U 89039EF  22279.82983294  .00340172  00000-0  28033+0 0  9994
2 33587  64.8833 191.8700 3782376  96.6196 306.8768  7.47695741  5451
1 33587U 89039EF  22280.09727817  .00387704  00000-0  31557+0 0  9999
2 33587  64.8848 191.6406 3781997  96.5913 306.8971  7.47939170370865
1 33587U 89039EF  22280.49833201  .00388278  00000-0  31046+0 0  9998
2 33587  64.8846 191.2995 3782252  96.5518 306.9342  7.48223885  5507
1 33587U 89039EF  22280.49833201  .00388278  00000-0  31046+0 0  9998
2 33587  64.8846 191.2995 3782252  96.5518 306.9342  7.48223885370894
1 33587U 89039EF  22281.03284433  .00357815  00000-0  28062+0 0  9993
2 33587  64.8856 190.8501 3782512  96.4888 306.9916  7.48567685370932
1 33587U 89039EF  22281.43354066  .00376766  00000-0  28988+0 0  9990
2 33587  64.8862 190.5106 3782648  96.4433 307.0325  7.48874995  5579
1 33587U 89039EF  22281.83408292  .00393327  00000-0  29783+0 0  9991
2 33587  64.8859 190.1724 3782471  96.3986 307.0691  7.49179857370996
1 33587U 89039EF  22282.50123324  .00475758  00000-0  34887+0 0  9996
2 33587  64.8859 189.6051 3781736  96.3230 307.1262  7.49805900  5655
1 33587U 89039EF  22282.50123324  .00475758  00000-0  34887+0 0  9996
2 33587  64.8859 189.6051 3781736  96.3230 307.1262  7.49805900371044
1 33587U 89039EF  22283.43430676  .00474690  00000-0  33461+0 0  9991
2 33587  64.8839 188.8112 3780912  96.2231 307.2031  7.50663656  5722
1 33587U 89039EF  22283.43430676  .00474690  00000-0  33461+0 0  9991
2 33587  64.8839 188.8112 3780912  96.2231 307.2031  7.50663656371111
1 33587U 89039EF  22283.56751768  .00466513  00000-0  32745+0 0  9992
2 33587  64.8848 188.6987 3780744  96.2085 307.2138  7.50777539371124
1 33587U 89039EF  22283.83387883  .00440737  00000-0  30605+0 0  9998
2 33587  64.8850 188.4724 3780779  96.1813 307.2377  7.50990146  5759
1 33587U 89039EF  22284.10014418  .00456468  00000-0  31284+0 0  9992
2 33587  64.8854 188.2446 3780535  96.1463 307.2650  7.51251856  5778
1 33587U 89039EF  22284.10014418  .00456468  00000-0  31284+0 0  9992
2 33587  64.8854 188.2446 3780535  96.1463 307.2650  7.51251856371167
1 33587U 89039EF  22284.63244452  .00460195  00000-0  30839+0 0  9990
2 33587  64.8850 187.7903 3780118  96.0914 307.3077  7.51721125  5813
1 33587U 89039EF  22284.63244452  .00460195  00000-0  30839+0 0  9990
2 33587  64.8850 187.7903 3780118  96.0914 307.3077  7.51721125371202
1 33587U 89039EF  22285.43033003  .00466814  00000-0  30136+0 0  9991
2 33587  64.8860 187.1048 3780033  95.9984 307.3867  7.52390933371261
1 33587U 89039EF  22288.08466426  .00606925  00000-0  34505+0 0  9997
2 33587  64.8863 184.8266 3777483  95.7168 307.5999  7.54920528371468
1 33587U 89039EF  22289.01137130  .00525229  00000-0  28692+0 0  9995
2 33587  64.8861 184.0244 3776498  95.6137 307.6771  7.55848731  6149
1 33587U 89039EF  22289.01137130  .00525229  00000-0  28692+0 0  9995
2 33587  64.8861 184.0244 3776498  95.6137 307.6771  7.55848731371537
1 33587U 89039EF  22289.80471352  .00576920  00000-0  30435+0 0  9991
2 33587  64.8867 183.3349 3774417  95.5184 307.7354  7.56760478  6200
1 33587U 89039EF  22289.93686353  .00539578  00000-0  28125+0 0  9995
2 33587  64.8895 183.2151 3775246  95.5209 307.7425  7.56850205371606
1 33587U 89039EF  22290.46518465  .00515051  00000-0  26387+0 0  9991
2 33587  64.8884 182.7619 3773972  95.4502 307.7887  7.57384899  6256
1 33587U 89039EF  22290.72920194  .00497796  00000-0  25263+0 0  9993
2 33587  64.8889 182.5303 3773481  95.4286 307.8017  7.57644070  6271
1 33587U 89039EF  22290.72920194  .00497796  00000-0  25263+0 0  9993
2 33587  64.8889 182.5303 3773481  95.4286 307.8017  7.57644070371669
1 33587U 89039EF  22290.86116887  .00511993  00000-0  25843+0 0  9994
2 33587  64.8893 182.4166 3773041  95.4106 307.8121  7.57800107  6287
1 33587U 89039EF  22290.86116887  .00511993  00000-0  25843+0 0  9994
2 33587  64.8893 182.4166 3773041  95.4106 307.8121  7.57800107371675
1 33587U 89039EF  22292.04797862  .00515325  00000-0  24652+0 0  9994
2 33587  64.8909 181.3796 3771579  95.2871 307.9012  7.58946538371761
1 33587U 89039EF  22292.44316321  .00510596  00000-0  24140+0 0  9992
2 33587  64.8907 181.0353 3770450  95.2497 307.9205  7.59343254  6403
1 33587U 89039EF  22292.83816525  .00486722  00000-0  22572+0 0  9996
2 33587  64.8877 180.6986 3770302  95.1863 307.9728  7.59705502  6439
1 33587U 89039EF  22292.96980331  .00461077  00000-0  21244+0 0  9998
2 33587  64.8876 180.5878 3770505  95.1627 307.9951  7.59796901371830
1 33587U 89039EF  22293.36456402  .00444782  00000-0  20145+0 0  9993
2 33587  64.8930 180.2286 3770261  95.1413 308.0107  7.60132666  6477
1 33587U 89039EF  22293.36456402  .00444782  00000-0  20145+0 0  9993
2 33587  64.8930 180.2286 3770261  95.1413 308.0107  7.60132666371865
1 33587U 89039EF  22294.67912605  .00442192  00000-0  19069+0 0  9996
2 33587  64.8957 179.0649 3768157  94.9919 308.1142  7.61300618  6570
1 33587U 89039EF  22294.67912605  .00442192  00000-0  19069+0 0  9996
2 33587  64.8957 179.0649 3768157  94.9919 308.1142  7.61300618371968
1 33587U 89039EF  22295.07312555  .00423666  00000-0  17848+0 0  9997
2 33587  64.8984 178.7148 3768612  94.9577 308.1483  7.61610006  6603
1 33587U 89039EF  22295.07312555  .00423666  00000-0  17848+0 0  9997
2 33587  64.8984 178.7148 3768612  94.9577 308.1483  7.61610006371990
1 33587U 89039EF  22298.99656437  .00639542  00000-0  22237+0 0  9991
2 33587  64.9044 175.2100 3752389  94.5636 308.3023  7.67351252372291
1 33587U 89039EF  22299.77774018  .00840922  00000-0  27954+0 0  9991
2 33587  64.9015 174.4985 3747919  94.4960 308.3100  7.68702625  6962
1 33587U 89039EF  22300.03781415  .00986937  00000-0  32708+0 0  9992
2 33587  64.9017 174.2669 3744844  94.3905 308.3651  7.69298453372375
1 33587U 89039EF  22300.81700084  .01107398  00000-0  35344+0 0  9997
2 33587  64.9034 173.5742 3738707  94.3046 308.3697  7.70902152  7044
1 33587U 89039EF  22300.94671486  .01102852  00000-0  34634+0 0  9995
2 33587  64.9027 173.4503 3738719  94.3074 308.3676  7.71150431372446
1 33587U 89039EF  22301.33556393  .01097099  00000-0  33706+0 0  9993
2 33587  64.9022 173.1025 3736243  94.2786 308.3645  7.71930028  7085
1 33587U 89039EF  22301.33556393  .01097099  00000-0  33706+0 0  9993
2 33587  64.9022 173.1025 3736243  94.2786 308.3645  7.71930028372473
1 33587U 89039EF  22301.72400492  .01120189  00000-0  33479+0 0  9998
2 33587  64.9050 172.7551 3733869  94.2546 308.3586  7.72759955  7117
1 33587U 89039EF  22301.72400492  .01120189  00000-0  33479+0 0  9998
2 33587  64.9050 172.7551 3733869  94.2546 308.3586  7.72759955372505
1 33587U 89039EF  22301.98243951  .01627280  00000-0  48705+0 0  9993
2 33587  64.8994 172.5308 3725844  94.1910 308.3235  7.74026675  7130
1 33587U 89039EF  22301.98243951  .01627280  00000-0  48705+0 0  9993
2 33587  64.8994 172.5308 3725844  94.1910 308.3235  7.74026675372528
1 33587U 89039EF  22309.00647566  .01750009  00000-0  42529+0 0  9998
2 33587  64.9330 165.9740 3638842  93.8469 307.6538  7.92758849  7679
1 33587U 89039EF  22309.00647566  .01750009  00000-0  42529+0 0  9998
2 33587  64.9330 165.9740 3638842  93.8469 307.6538  7.92758849373068
1 33587U 89039EF  22323.22863753  .05332379  00000-0  57838+0 0  9995
2 33587  64.9165 150.9450 3139690  91.8240 303.8862  8.96929182374196
1 33587U 89039EF  22325.88579178  .03011849  00000-0  30944+0 0  9997
2 33587  64.9105 147.7931 3072143  91.4709 303.4498  9.10688562374432
1 33587U 89039EF  22325.88579178  .03011849  00000-0  30944+0 0  9997
2 33587  64.9105 147.7931 3072143  91.4709 303.4498  9.10688562374432
1 33587U 89039EF  22330.86576742  .03519861  00000-0  35874+0 0  9999
2 33587  64.9108 141.5602 2930834  90.8960 302.3840  9.37959925374884
1 33587U 89039EF  22337.85663267  .03130027  00000-0  31336+0 0  9996
2 33587  64.9110 132.4999 2705984  89.5683 301.0972  9.82008722375566
1 33587U 89039EF  22337.85663267  .03130027  00000-0  31336+0 0  9996
2 33587  64.9110 132.4999 2705984  89.5683 301.0972  9.82008722375533
1 33587U 89039EF  22337.85663267  .03130027  00000-0  31336+0 0  9996
2 33587  64.9110 132.4999 2705984  89.5683 301.0972  9.82008722375533
1 33587U 89039EF  22337.85663267  .03130027  00000-0  31336+0 0  9996
2 33587  64.9110 132.4999 2705984  89.5683 301.0972  9.82008722375533