0 TBA - TO BE ASSIGNED
1 41695U 10007M   16209.43493161  .00041553  00000-0  80000-1 0  9999
2 41695  64.8888  29.5553 5604599  98.1331 325.7551  4.44910717 31549
0 TBA - TO BE ASSIGNED
1 41695U 10007M   16210.10920339  .00039089  00000-0  74493-1 0  9997
2 41695  64.8694  29.2746 5605092  98.1392 325.7150  4.44952030 31573
0 SL-12 DEB
1 41695U 10007M   16210.78344151  .00034327  00000-0  66611-1 0  9996
2 41695  64.8767  28.9817 5603589  98.1211 325.6803  4.44978833 31605
0 SL-12 DEB
1 41695U 10007M   16210.78349923 +.00034327 +00000-0 +66607-1 0  9993
2 41695 064.8767 028.9816 5603593 098.1201 325.7730 04.44978835031600
0 SL-12 DEB
1 41695U 10007M   16212.58111765  .00031921  00000-0  60288-1 0  9990
2 41695  64.8789  28.2688 5604860  98.0259 325.7914  4.45090172 31686
0 SL-12 DEB
1 41695U 10007M   16212.80583089  .00032781  00000-0  61321-1 0  9991
2 41695  64.8728  28.1565 5605440  98.0196 325.8688  4.45108466 31693
0 SL-12 DEB
1 41695U 10007M   16214.60293438  .00032915  00000-0  63758-1 0  9992
2 41695  64.9096  27.4351 5602023  98.0781 325.8570  4.45225439 31770
0 SL-12 DEB
1 41695U 10007M   16214.82750009  .00031438  00000-0  62084-1 0  9998
2 41695  64.9066  27.3515 5600530  98.0387 325.7801  4.45233043 31788
0 SL-12 DEB
1 41695U 10007M   16215.72587808  .00028213  00000-0  56140-1 0  9996
2 41695  64.9326  27.0373 5599691  97.8682 325.7857  4.45272113 31823
0 SL-12 DEB
1 41695U 10007M   16216.62424499  .00025665  00000-0  52979-1 0  9996
2 41695  64.9610  26.6543 5596653  98.0448 325.8420  4.45310603 31869
0 SL-12 DEB
1 41695U 10007M   16216.84875562  .00026104  00000-0  53037-1 0  9996
2 41695  64.9378  26.4991 5597758  98.0369 325.7834  4.45324570 31871
0 SL-12 DEB
1 41695U 10007M   16217.52228036  .00046995  00000-0  93030-1 0  9997
2 41695  64.9278  26.1794 5598775  98.0499 325.7989  4.45437051976599
0 SL-12 DEB
1 41695U 10007M   16235.01086308  .00013277  00000-0  45500-1 0  9991
2 41695  64.9778  18.9593 5547918  98.1664 325.1324  4.46354141 32676
0 SL-12 DEB
1 41695U 10007M   16238.59514104 +.00007838 +00000-0 +26238-1 0  9990
2 41695 064.9682 017.5591 5549871 097.9428 325.0096 04.46411084032842
0 SL-12 DEB
1 41695U 10007M   16238.59514104  .00007838  00000-0  26238-1 0  9990
2 41695  64.9682  17.5591 5549871  97.9428 325.0096  4.46411084 32842
0 SL-12 DEB
1 41695U 10007M   16238.59528387  .00010002  00000-0  33956-1 0  9990
2 41695  64.9828  17.5767 5548067  98.0279 325.2454  4.46421239977538
0 SL-12 DEB
1 41695U 10007M   16239.49135998  .00007610  00000-0  25943-1 0  9990
2 41695  64.9564  17.2308 5548199  98.0017 325.2891  4.46423237 32884
0 SL-12 DEB
1 41695U 10007M   16239.71533757  .00009243  00000-0  33803-1 0  9998
2 41695  64.9661  17.1320 5541771  98.2608 325.2157  4.46435887 32892
0 SL-12 DEB
1 41695U 10007M   16246.43468183 -.00000843  00000-0 -41829-2 0  9992
2 41695  64.9811  14.3475 5509226  98.1839 323.9863  4.46426622 33193
0 SL-12 DEB
1 41695U 10007M   16249.34719896 -.00003227  00000-0 -16064-1 0  9996
2 41695  64.9634  13.2174 5511636  98.3382 324.5901  4.46402980 33329
0 SL-12 DEB
1 41695U 10007M   16256.74393506 -.00030606  00000-0 -30217+0 0  9999
2 41695  65.0119  10.3471 5442968  97.8830 324.1769  4.45792817 33654
0 SL-12 DEB
1 41695U 10007M   16261.68073776 -.00036233  00000-0 -41555+0 0  9991
2 41695  65.0373   8.3728 5427116  97.0645 324.5573  4.45469099 33876
0 SL-12 DEB
1 41695U 10007M   17030.15399652  .00011192  00000-0  10000-3 0  9992
2 41695  64.8119 323.5819 5265283  88.5896 328.3105  4.44781636 39863
0 SL-12 DEB
1 41695U 10007M   17030.15399652  .00011192  00000-0  10000-3 0  9992
2 41695  64.8119 323.5819 5265283  88.5896 328.3105  4.44781636 39863
0 SL-12 DEB
1 41695U 10007M   17030.15430697  .00011192  00000-0  40156+0 0  9998
2 41695  64.8119 323.5818 5265283  88.5896 328.8076  4.44781643 39862
0 SL-12 DEB
1 41695U 10007M   17046.99608495  .00000040  00000-0  10000-2 0  9998
2 41695  64.9508 317.0551 5355991  86.9223 330.1321  4.45676272 40615
0 SL-12 DEB
1 41695U 10007M   17051.03494788  .00008280  00000-0  15886+0 0  9995
2 41695  64.9345 315.6032 5356200  86.8492 330.7705  4.45749142 40791
0 SL-12 DEB
1 41695U 10007M   17051.93194127  .00008189  00000-0  15591+0 0  9999
2 41695  64.9402 315.2834 5357133  86.8049 330.1963  4.45763434 40830
0 SL-12 DEB
1 41695U 10007M   17052.82928451  .00008003  00000-0  15201+0 0  9996
2 41695  64.9394 314.9563 5357312  86.7867 330.2212  4.45776959 40879
0 SL-12 DEB
1 41695U 10007M   17053.05361503  .00007942  00000-0  14898+0 0  9993
2 41695  64.9392 314.8681 5359066  86.8222 330.2171  4.45780351 40887
0 SL-12 DEB
1 41695U 10007M   17054.84819610  .00007060  00000-0  13124+0 0  9990
2 41695  64.9397 314.2089 5360086  86.7648 330.2331  4.45802743 40960
0 SL-12 DEB
1 41695U 10007M   17054.84821235  .00007147  00000-0  13236+0 0  9996
2 41695  64.9334 314.1929 5360625  86.8115 330.2516  4.45803226 40964
0 SL-12 DEB
1 41695U 10007M   17055.96976896  .00006534  00000-0  11949+0 0  9992
2 41695  64.9390 313.7659 5362296  86.6259 330.2815  4.45815585 41014
0 SL-12 DEB
1 41695U 10007M   17056.86704805  .00006027  00000-0  10928+0 0  9994
2 41695  64.9426 313.4395 5363414  86.6210 330.3520  4.45824112 41052
0 SL-12 DEB
1 41695U 10007M   17057.09136526  .00005686  00000-0  10239+0 0  9994
2 41695  64.9422 313.3527 5364368  86.5414 330.3891  4.45825428 41061
0 SL-12 DEB
1 41695U 10007M   17057.31569217 +.00005684 +00000-0 +10239+0 0  9994
2 41695 064.9422 313.2707 5364327 086.5313 330.4289 04.45827973041073
0 SL-12 DEB
1 41695U 10007M   17057.76429919  .00005885  00000-0  10526+0 0  9999
2 41695  64.9379 313.1242 5365299  86.5263 330.4382  4.45834314 41093
0 SL-12 DEB
1 41695U 10007M   17059.78296186  .00006427  00000-0  11482+0 0  9996
2 41695  64.9389 312.3833 5365365  86.4873 330.4985  4.45861851 41186
0 SL-12 DEB
1 41695U 10007M   17062.02574640  .00007917  00000-0  13870+0 0  9999
2 41695  64.9352 311.5582 5367886  86.4334 330.5690  4.45901097 41282
0 SL-12 DEB
1 41695U 10007M   17063.14703334  .00008778  00000-0  14579+0 0  9990
2 41695  64.9188 311.1127 5375168  86.3489 330.5423  4.45920067 41330
0 SL-12 DEB
1 41695U 10007M   17066.06227934  .00006413  00000-0  11351+0 0  9990
2 41695  64.9327 310.0810 5366101  86.4661 330.3614  4.45943821 41469
0 SL-12 DEB
1 41695U 10007M   17070.77120948 -.00002428  00000-0 -27278-1 0  9991
2 41695  64.9452 308.0371 5426029  86.0901 329.7215  4.45917780 41662
0 SL-12 DEB
1 41695U 10007M   17077.72447371 +.00002474 +00000-0 +21516-1 0  9993
2 41695 064.9020 305.1770 5456804 086.2633 330.9885 04.45902476041980
0 SL-12 DEB
1 41695U 10007M   17080.86443821 +.00004082 +00000-0 +30106-1 0  9990
2 41695 064.8951 303.9904 5474959 086.3480 331.4568 04.45927059042124
0 SL-12 DEB
1 41695U 10007M   17082.65850821 +.00004834 +00000-0 +35799-1 0  9999
2 41695 064.8963 303.3112 5474434 086.2560 331.6112 04.45944987042203
0 SL-12 DEB
1 41695U 10007M   17083.77974217 +.00003288 +00000-0 +23904-1 0  9996
2 41695 064.8904 302.8646 5476335 086.2258 331.6156 04.45946200042253
0 SL-12 DEB
1 41695U 10007M   17084.67672163 +.00003124 +00000-0 +22712-1 0  9996
2 41695 064.8938 302.5033 5476340 086.2586 331.6243 04.45950989042297
0 SL-12 DEB
1 41695U 10007M   17085.79792373 +.00002990 +00000-0 +21491-1 0  9999
2 41695 064.9020 302.0740 5477575 086.1629 331.6562 04.45957622042349
0 SL-12 DEB
1 41695U 10007M   17086.69489371 +.00003584 +00000-0 +25760-1 0  9993
2 41695 064.9034 301.7314 5477612 086.1179 331.7186 04.45965940042388
0 SL-12 DEB
1 41695U 10007M   17086.91912303 +.00003784 +00000-0 +27228-1 0  9997
2 41695 064.9059 301.6473 5477491 086.1237 331.7162 04.45968663042390
0 SL-12 DEB
1 41695U 10007M   17088.71296123 +.00006946 +00000-0 +50944-1 0  9996
2 41695 064.9130 300.9518 5475274 086.0488 331.8621 04.46003274042475
0 SL-12 DEB
1 41695U 10007M   17088.93709368 +.00007493 +00000-0 +54362-1 0  9996
2 41695 064.9076 300.8792 5476427 086.0050 331.7481 04.46009097042486
0 SL-12 DEB
1 41695U 10007M   17090.73075648 +.00009444 +00000-0 +68065-1 0  9997
2 41695 064.9056 300.1915 5476887 085.9587 331.8546 04.46048243042565
0 SL-12 DEB
1 41695U 10007M   17091.62747217 +.00009539 +00000-0 +68712-1 0  9998
2 41695 064.9047 299.8444 5476828 085.9404 331.8049 04.46065744042607
0 SL-12 DEB
1 41695U 10007M   17092.74836688 +.00009773 +00000-0 +70309-1 0  9998
2 41695 064.9065 299.4088 5476817 085.9054 331.8282 04.46088461042651
0 SL-12 DEB
1 41695U 10007M   17093.86918908 +.00009502 +00000-0 +67858-1 0  9993
2 41695 064.9047 298.9585 5477503 085.8950 331.8135 04.46109011042702
0 SL-12 DEB
1 41695U 10007M   17094.76583041 +.00009342 +00000-0 +66596-1 0  9999
2 41695 064.9079 298.6141 5477626 085.8632 331.8374 04.46125164042741
0 SL-12 DEB
1 41695U 10007M   17095.88659051 +.00009277 +00000-0 +66080-1 0  9993
2 41695 064.9071 298.1881 5477627 085.8017 331.8805 04.46145733042795
0 SL-12 DEB
1 41695U 10007M   17096.78315310 +.00008835 +00000-0 +61963-1 0  9994
2 41695 064.9028 297.8419 5479269 085.7178 331.9052 04.46160223042832
0 SL-12 DEB
1 41695U 10007M   17097.67971002 +.00007850 +00000-0 +54353-1 0  9990
2 41695 064.8860 297.5007 5480660 085.6217 331.9428 04.46169627042873
0 SL-12 DEB
1 41695U 10007M   17098.80038714 +.00005863 +00000-0 +41617-1 0  9991
2 41695 064.9372 297.0780 5478069 085.6705 331.9531 04.46176118042921
0 SL-12 DEB
1 41695U 10007M   17099.69689937 +.00003736 +00000-0 +26551-1 0  9995
2 41695 064.9379 296.7292 5478179 085.6390 331.9197 04.46173614042964
0 SL-12 DEB
1 41695U 10007M   17099.92106656 +.00003171 +00000-0 +22543-1 0  9993
2 41695 064.9245 296.6060 5478257 085.7199 331.9542 04.46172199042975
0 SL-12 DEB
1 41695U 10007M   17101.71408644 +.00002588 +00000-0 +17854-1 0  9996
2 41695 064.8904 295.9369 5481505 085.7080 331.9413 04.46179515043055
0 SL-12 DEB
1 41695U 10007M   17102.83473966 +.00003261 +00000-0 +22426-1 0  9999
2 41695 064.8752 295.4994 5481484 085.6556 332.0168 04.46188896043105
0 SL-12 DEB
1 41695U 10007M   17104.62769342 +.00000334 +00000-0 +23641-2 0  9993
2 41695 064.8904 294.7723 5479893 085.7538 331.8845 04.46179360043181
0 SL-12 DEB
1 41695U 10007M   17104.85185462 -.00000059 +00000-0 -37606-3 0  9996
2 41695 064.8967 294.6617 5478923 085.7298 331.9430 04.46177519043193
0 SL-12 DEB
1 41695U 10007M   17106.64488619 +.00001304 +00000-0 +90482-2 0  9997
2 41695 064.8701 293.9705 5480007 085.7139 332.0161 04.46186692043273
0 SL-12 DEB
1 41695U 10007M   17106.86897611 +.00003653 +00000-0 +25553-1 0  9992
2 41695 064.8762 293.7862 5479119 085.7578 331.9790 04.46195233043289
0 SL-12 DEB
1 41695U 10007M   17111.79938534 -.00077489 +00000-0 -56091+0 0  9999
2 41695 064.8902 291.7483 5477646 086.1602 331.6039 04.45888365043500
0 SL-12 DEB
1 41695U 10007M   17115.60782984 +.00006779 +00000-0 +53225-1 0  9999
2 41695 064.8742 290.1133 5465641 086.0493 331.6548 04.46310932043669
0 SL-12 DEB
1 41695U 10007M   17122.77701986 +.00002403 +00000-0 +19918-1 0  9999
2 41695 064.8571 287.3119 5459663 085.7494 331.3605 04.46358758043990
0 SL-12 DEB
1 41695U 10007M   17138.68257982 +.00000401 +00000-0 +43584-2 0  9991
2 41695 064.8419 281.1939 5424860 085.6197 332.3128 04.46416022044703
0 SL-12 DEB
1 41695U 10007M   17149.43440699 -.00019771 +00000-0 -38531+0 0  9990
2 41695 064.8356 277.0371 5352078 085.8555 324.5677 04.46017515045176
0 SL-12 DEB
1 41695U 10007M   17156.61380661 -.00011700 +00000-0 -25689+0 0  9994
2 41695 064.8281 274.3346 5335582 084.9428 330.9003 04.45873222045500
0 SL-12 DEB
1 41695U 10007M   17162.89585111 -.00027258 +00000-0 -78009+0 0  9997
2 41695 064.8174 272.1146 5297221 085.4252 330.4582 04.45533170045785
0 SL-12 DEB
1 41695U 10007M   17164.46693677  .00000000  00000-0  00000+0 0  9999
2 41695  64.8221 271.5277 5299435  87.7003 329.1684  4.45648022 45853
0 SL-12 DEB
1 41695U 10007M   17169.63259712 -.00015638 +00000-0 -51783+0 0  9990
2 41695 064.8063 269.6969 5276013 085.1400 330.3323 04.45193089046081
0 SL-12 DEB
1 41695U 10007M   17171.42976437 -.00013411 +00000-0 -45894+0 0  9993
2 41695 064.7837 269.1050 5270895 085.2778 330.4888 04.45151240046165
0 SL-12 DEB
1 41695U 10007M   17171.87894418 -.00013290 +00000-0 -45508+0 0  9997
2 41695 064.7852 268.9460 5270884 085.2333 330.3205 04.45139748046182
0 SL-12 DEB
1 41695U 10007M   17178.84458719 -.00010599 +00000-0 -45508+0 0  9990
2 41695 064.8221 266.5249 5232679 084.7324 330.2534 04.44953418046491
0 SL-12 DEB
1 41695U 10007M   17194.36089970 +.00000060 +00000-0 +10000-2 0  9996
2 41695 064.8268 261.4422 5150229 084.3808 329.7201 04.44528710047186
0 SL-12 DEB
1 41695U 10007M   17196.38553736 +.00000061 +00000-0 +10000-2 0  9997
2 41695 064.8221 260.7783 5148460 084.3076 329.7351 04.44526178047270
0 SL-12 DEB
1 41695U 10007M   17197.28538766 +.00000063 +00000-0 +10000-2 0  9995
2 41695 064.8220 260.4705 5148347 084.2710 329.7647 04.44526206047313
0 SL-12 DEB
1 41695U 10007M   17199.31003592 +.00000067 +00000-0 +10000-2 0  9999
2 41695 064.8524 259.8127 5140196 084.1062 329.8386 04.44526349047402
0 SL-12 DEB
1 41695U 10007M   17201.33464997 +.00000067 +00000-0 +10000-2 0  9995
2 41695 064.8452 259.0740 5127814 083.8397 330.0073 04.44534426047495
0 SL-12 DEB
1 41695U 10007M   17205.38375867 +.00000051 +00000-0 +10000-2 0  9994
2 41695 064.8156 257.7160 5109770 083.5563 330.2761 04.44554774047674
0 SL-12 DEB
1 41695U 10007M   17226.52843713  .00000072  00000-0  10000-2 0  9996
2 41695  64.9366 251.4149 5040735  82.7774 331.5050  4.44573695 48608
0 SL-12 DEB
1 41695U 10007M   17228.10183832  .00000072  00000-0  10000-2 0  9991
2 41695  64.9547 250.8651 5033879  82.6211 329.7000  4.44573479 48688
0 SL-12 DEB
1 41695U 10007M   17234.17512968 +.00000046 +00000-0 +10000-2 0  9992
2 41695 064.9495 248.8994 5032268 082.2849 329.8327 04.44573484048950
0 SL-12 DEB
1 41695U 10007M   17236.19957629  .00000043  00000-0  10000-2 0  9990
2 41695  64.9521 248.2753 5026783  82.0205 329.9966  4.44575141 49049
0 SL-12 DEB
1 41695U 10007M   17238.22397506  .00000048  00000-0  10000-2 0  9993
2 41695  64.9326 247.5771 5022025  81.4098 330.2578  4.44585239 49135
0 SL-12 DEB
1 41695U 10007M   17250.59518766  .00000064  00000-0  10000-2 0  9998
2 41695  64.9653 244.1038 5034900  80.5884 330.6391  4.44604919 49678
0 SL-12 DEB
1 41695U 10007M   17252.16974950 +.00000067 +00000-0 +10000-2 0  9997
2 41695 065.0213 243.5515 5040378 080.3698 330.8339 04.44590625049742
0 SL-12 DEB
1 41695U 10007M   17253.06955899  .00000068  00000-0  10000-2 0  9999
2 41695  65.0093 243.2620 5040915  80.3012 331.0182  4.44591396 49788
0 SL-12 DEB
1 41695U 10007M   17253.29449322 +.00000068 +00000-0 +10000-2 0  9993
2 41695 065.0093 243.1879 5040899 080.2910 331.0332 04.44591401049795
0 SL-12 DEB
1 41695U 10007M   17254.41913395  .00000069  00000-0  10000-2 0  9995
2 41695  65.0197 242.8506 5040514  80.3443 331.0320  4.44592208 49848
0 SL-12 DEB
1 41695U 10007M   17255.31882533  .00000069  00000-0  10000-2 0  9994
2 41695  65.0262 242.5647 5040396  80.3211 331.0224  4.44592892 49881
0 SL-12 DEB
1 41695U 10007M   17255.54374610 +.00000069 +00000-0 +10000-2 0  9991
2 41695 065.0262 242.4906 5040380 080.3109 331.0171 04.44592896049893
0 SL-12 DEB
1 41695U 10007M   17256.44345603  .00000067  00000-0  10000-2 0  9999
2 41695  65.0225 242.2085 5042011  80.2540 331.0420  4.44593119 49930
0 SL-12 DEB
1 41695U 10007M   17257.34317803  .00000063  00000-0  10000-2 0  9996
2 41695  65.0155 241.9327 5046605  80.1015 331.1063  4.44593651 49975
0 SL-12 DEB
1 41695U 10007M   17258.46786204  .00000057  00000-0  10000-2 0  9998
2 41695  65.0120 241.5735 5050318  79.9536 331.2490  4.44595654 50024
0 SL-12 DEB
1 41695U 10007M   17258.46786204  .00000057  00000-0  10000-2 0  9998
2 41695  65.0120 241.5735 5050318  79.9536 331.2490  4.44595654 50024
0 SL-12 DEB
1 41695U 10007M   18303.72866260  .00000168  00000-0  10000-2 0  9993
2 41695  64.7019  91.7314 5456070  61.9144 306.9893  4.48978338 68265
0 SL-12 DEB
1 41695U 10007M   18304.86419887  .00004923  00000-0  35824-1 0  9991
2 41695  64.7174  91.3105 5454034  61.8914 342.4573  4.49000912 68314
0 SL-12 DEB
1 41695U 10007M   18305.53229062  .00003697  00000-0  26834-1 0  9998
2 41695  64.7208  91.0579 5454057  61.8258 342.3501  4.49000600 68347
0 SL-12 DEB
1 41695U 10007M   18306.42318094  .00004428  00000-0  32191-1 0  9997
2 41695  64.7216  90.7150 5453982  61.8543 342.4122  4.49012408 68383
0 SL-12 DEB
1 41695U 10007M   18306.64586842  .00004549  00000-0  33555-1 0  9998
2 41695  64.7101  90.6428 5452427  61.7965 342.3835  4.49014365 68398
0 SL-12 DEB
1 41695U 10007M   18307.53670679  .00000946  00000-0  74084-2 0  9999
2 41695  64.7204  90.2518 5443501  61.9441 342.2160  4.48996227 68432
0 SL-12 DEB
1 41695U 10007M   18307.75946076 +.00000761 +00000-0 +59315-2 0  9995
2 41695 064.7083 090.1441 5443513 061.9097 342.2779 04.48995608068440
0 SL-12 DEB
1 41695U 10007M   18308.65034437  .00000980  00000-0  78959-2 0  9992
2 41695  64.6951  89.8163 5441604  61.8359 342.3018  4.48997837 68485
0 SL-12 DEB
1 41695U 10007M   18309.98665044  .00003540  00000-0  29515-1 0  9991
2 41695  64.6715  89.2557 5439398  61.5198 342.4678  4.49017022 68549
0 SL-12 DEB
1 41695U 10007M   18311.54554972  .00006932  00000-0  61335-1 0  9997
2 41695  64.6444  88.6261 5432553  61.8478 342.4600  4.49052070 68618
0 SL-12 DEB
1 41695U 10007M   18311.76808780  .00008316  00000-0  72487-1 0  9998
2 41695  64.6216  88.5357 5434214  61.6530 342.2561  4.49060341 68628
0 SL-12 DEB
1 41695U 10007M   18312.43616840  .00006274  00000-0  57367-1 0  9998
2 41695  64.6377  88.2732 5428760  61.8729 342.2098  4.49059496 68658
0 SL-12 DEB
1 41695U 10007M   18323.34627669 -.00008967  00000-0 -10132+0 0  9991
2 41695  64.5419  83.9244 5404094  62.0979 334.8352  4.48888882 69130
0 SL-12 DEB
1 41695U 10007M   18331.14899585 -.00006776  00000-0 -95410-1 0  9996
2 41695  64.4671  80.8937 5376603  60.4525 342.0966  4.48756489 69495
0 SL-12 DEB
1 41695U 10007M   18338.28082187 -.00007395  00000-0 -13469+0 0  9990
2 41695  64.4080  78.0972 5341807  60.8233 339.3941  4.48542358 69811
0 SL-12 DEB
1 41695U 10007M   18338.50541031 -.00001854  00000-0 -35928-1 0  9993
2 41695  64.4320  78.0071 5329074  59.8354 342.3188  4.48554948 69828
0 SL-12 DEB
1 41695U 10007M   18339.84308690 -.00003474  00000-0 -68193-1 0  9993
2 41695  64.4227  77.4970 5329386  59.8794 342.3093  4.48539609 69887
0 SL-12 DEB
1 41695U 10007M   18340.51194625 -.00006843 +00000-0 -13700+0 0  9995
2 41695 064.4379 077.2716 5328025 059.8227 342.3032 04.48520925069919
0 SL-12 DEB
1 41695U 10007M   18341.40381403 -.00006710  00000-0 -13564+0 0  9997
2 41695  64.4338  76.9453 5326750  59.8781 342.3271  4.48508363 69957
0 SL-12 DEB
1 41695U 10007M   18341.62677486 -.00008036  00000-0 -16220+0 0  9995
2 41695  64.4215  76.8410 5327293  59.7014 342.3402  4.48497851 69960
0 SL-12 DEB
1 41695U 10007M   18352.55439611 -.00008555  00000-0 -22757+0 0  9993
2 41695  64.3638  72.7421 5287124  59.1602 338.9675  4.48246054 70456
0 SL-12 DEB
1 41695U 10007M   18356.34938965 -.00004212  00000-0 -12062+0 0  9994
2 41695  64.3798  71.4729 5274526  59.1356 342.9125  4.48230478 70625
0 SL-12 DEB
1 41695U 10007M   18357.46456011 -.00005545  00000-0 -15994+0 0  9992
2 41695  64.3926  71.0466 5274101  59.0481 342.3727  4.48213691 70674
0 SL-12 DEB
1 41695U 10007M   18357.68767833 -.00005546 +00000-0 -15994+0 0  9994
2 41695 064.3926 070.9647 5274160 059.0421 342.3882 04.48211235070687
0 SL-12 DEB
1 41695U 10007M   19010.33605278 -.00006992  00000-0 -25168+0 0  9997
2 41695  64.4384  64.5681 5239486  56.9739   7.8835  4.47889191 71473
0 SL-12 DEB
1 41695U 10007M   19056.97627533 -.00001550  00000-0 -46666-1 0  9998
2 41695  64.8164  48.3958 5266760  53.4972 344.3820  4.48059160 73567
0 SL-12 DEB
1 41695U 10007M   19056.97627592 -.00006581  00000-0 -20052+0 0  9991
2 41695  64.8137  48.4007 5266963  53.5079 344.3797  4.48055903 73561
0 SL-12 DEB
1 41695U 10007M   19058.98497523 -.00000724  00000-0 -21749-1 0  9992
2 41695  64.8152  47.6678 5267431  53.4105 344.4436  4.48058075 73657
0 SL-12 DEB
1 41695U 10007M   19060.77046677  .00001109  00000-0  33622-1 0  9991
2 41695  64.8130  47.0314 5268642  53.3234 344.5139  4.48067335 73730
0 SL-12 DEB
1 41695U 10007M   19062.10952287  .00004203  00000-0  12266+0 0  9990
2 41695  64.8367  46.5712 5274535  53.5321 344.4094  4.48080174 73796
0 SL-12 DEB
1 41695U 10007M   19063.00221988 +.00004205 +00000-0 +12266+0 0  9999
2 41695 064.8365 046.2488 5274606 053.4966 344.4196 04.48087682073833
0 SL-12 DEB
1 41695U 10007M   19064.11806810  .00007730  00000-0  20814+0 0  9999
2 41695  64.8435  45.8346 5287304  53.1300 344.5839  4.48118321 73882
0 SL-12 DEB
1 41695U 10007M   19064.11806810 +.00007730 +00000-0 +20814+0 0  9999
2 41695 064.8435 045.8346 5287304 053.1300 344.5839 04.48118321073882
0 SL-12 DEB
1 41695U 10007M   19066.12642285 -.00005357  00000-0 -13599+0 0  9993
2 41695  64.9268  45.2220 5296346  53.3850 344.2098  4.48085056 73961
0 SL-12 DEB
1 41695U 10007M   20091.62804132 +.00002471 +00000-0 +28564-1 0  9991
2 41695 064.5205 273.3181 5416388 043.9662 348.2344 04.46446228091478
0 SL-12 DEB
1 41695U 10007M   20091.62804153  .00002471  00000-0  28564-1 0  9994
2 41695  64.5205 273.3181 5416388  43.9662 348.2347  4.46446228 91460
0 SL-12 DEB
1 41695U 10007M   20093.64394985  .00004791  00000-0  56426-1 0  9990
2 41695  64.5192 272.5675 5415069  43.9626 348.3180  4.46470391 91564
0 SL-12 DEB
1 41695U 10007M   20094.53980741 +.00004349 +00000-0 +50866-1 0  9991
2 41695 064.5043 272.2116 5415749 043.7636 348.2723 04.46475955091608
0 SL-12 DEB
1 41695U 10007M   20096.55557479 +.00000065 +00000-0 +22279-3 0  9993
2 41695 064.5191 271.5366 5401274 044.4343 347.9253 04.46459432091697
0 SL-12 DEB
1 41695U 10007M   20098.57150067  .00001604  00000-0  17510-1 0  9999
2 41695  64.4769 270.6236 5423056  43.3426 348.2341  4.46468110 91780
0 SL-12 DEB
1 41695U 10007M   20099.69137743  .00000875  00000-0  13409-1 0  9991
2 41695  64.3244 270.0899 5377384  43.9961 348.0461  4.46449771 91837
0 SL-12 DEB
1 41695U 10007M   20099.69138571  .00001401  00000-0  21784-1 0  9992
2 41695  64.3359 270.0964 5377353  43.9653 348.0674  4.46450754 91830
0 SL-12 DEB
1 41695U 10007M   20101.48328827  .00001344  00000-0  20910-1 0  9994
2 41695  64.3266 269.4252 5377398  43.9481 348.0704  4.46455838 91918
0 SL-12 DEB
1 41695U 10007M   20104.61906818  .00000225  00000-0  30942-2 0  9998
2 41695  64.3109 268.2277 5374498  43.9490 347.9628  4.46452505 92053
0 SL-12 DEB
1 41695U 10007M   20114.47456625 -.00003409  00000-0 -63939-1 0  9999
2 41695  64.2323 264.4344 5355636  43.7081 348.0241  4.46437411 92490
0 SL-12 DEB
1 41695U 10007M   20125.45291445 -.00003588  00000-0 -10107+0 0  9991
2 41695  64.0659 260.2353 5295101  43.4727 347.8421  4.46274734 92986
0 SL-12 DEB
1 41695U 10007M   20125.45291445 -.00003588 +00000-0 -10107+0 0  9991
2 41695 064.0659 260.2353 5295101 043.4727 347.8421 04.46274734092986
0 SL-12 DEB
1 41695U 10007M   20125.45291445 -.00003588 +00000-0 -10107+0 0  9991
2 41695 064.0659 260.2353 5295101 043.4727 347.8421 04.46274734092986
0 SL-12 DEB
1 41695U 10007M   20219.07656097  .00000030  00000-0  00000+0 0  9999
2 41695  64.4379 239.6286 5198808  37.7600 349.3308  4.48445639 97157
0 SL-12 DEB
1 41695U 10007M   20222.19845446 +.00000038 +00000-0 +00000-0 0  9993
2 41695 064.5049 238.5664 5199684 037.5995 349.3782 04.48449836097292
0 SL-12 DEB
1 41695U 10007M   20223.53642216 +.00000048 +00000-0 +00000-0 0  9993
2 41695 064.5178 238.0966 5201764 037.4774 349.4246 04.48454300000216
0 SL-12 DEB
1 41695U 10007M   20223.53642216  .00000048  00000-0  00000+0 0  9992
2 41695  64.5178 238.0966 5201764  37.4774 349.4246  4.48454300 97357
0 SL-12 DEB
1 41695U 10007M   20224.20540139 +.00000053 +00000-0 +00000-0 0  9995
2 41695 064.5309 237.8726 5202329 037.4426 349.4384 04.48448975000242
0 SL-12 DEB
1 41695U 10007M   20224.42839808  .00000055  00000-0  00000+0 0  9994
2 41695  64.5396 237.8012 5202637  37.4377 349.4415  4.48446593 97394
0 SL-12 DEB
1 41695U 10007M   20225.98935191  .00000065  00000-0  00000+0 0  9999
2 41695  64.5631 237.2605 5203786  37.3627 349.4720  4.48448569 97463
0 SL-12 DEB
1 41695U 10007M   20226.43534161  .00000067  00000-0  00000+0 0  9994
2 41695  64.5914 237.1248 5204770  37.3223 349.4889  4.48447772 97488
0 SL-12 DEB
1 41695U 10007M   20227.32731320  .00000071  00000-0  00000+0 0  9994
2 41695  64.6149 236.8192 5205881  37.2784 349.5075  4.48450575 97526
0 SL-12 DEB
1 41695U 10007M   20228.44226584  .00000072  00000-0  00000+0 0  9990
2 41695  64.6431 236.4355 5207301  37.2206 349.5304  4.48465432 97573
0 SL-12 DEB
1 41695U 10007M   20229.11124485  .00000071  00000-0  00000+0 0  9991
2 41695  64.6465 236.1968 5207750  37.1944 349.5390  4.48452218 97600
0 SL-12 DEB
1 41695U 10007M   20229.33424277 +.00000071 +00000-0 +00000-0 0  9998
2 41695 064.6574 236.1331 5208439 037.1738 349.5473 04.48444444097616
0 SL-12 DEB
1 41695U 10007M   20231.11817317  .00000064  00000-0  00000+0 0  9999
2 41695  64.6869 235.5201 5210533  37.0892 349.5736  4.48453047 97699
0 SL-12 DEB
1 41695U 10007M   20232.01013262 +.00000060 +00000-0 +00000-0 0  9993
2 41695 064.6918 235.2131 5211140 037.0549 349.5813 04.48452865000593
0 SL-12 DEB
1 41695U 10007M   20234.01704775  .00000051  00000-0  00000+0 0  9990
2 41695  64.7357 234.5344 5214739  36.9598 349.6122  4.48454667 97826
0 SL-12 DEB
1 41695U 10007M   20234.24003451 +.00000051 +00000-0 +00000-0 0  9999
2 41695 064.7412 234.4586 5215159 036.9496 349.6158 04.48460394000691
0 SL-12 DEB
1 41695U 10007M   20234.24003451  .00000051  00000-0  00000+0 0  9998
2 41695  64.7412 234.4586 5215159  36.9496 349.6158  4.48460394 97833
0 SL-12 DEB
1 41695U 10007M   20236.24694771  .00000052  00000-0  00000+0 0  9992
2 41695  64.7707 233.7768 5218563  36.8566 349.6516  4.48452246 97928
0 SL-12 DEB
1 41695U 10007M   20247.39627004  .00000025  00000-0  00000+0 0  9995
2 41695  65.0093 230.0006 5248997  36.3596 349.8859  4.48476172 98429
0 SL-12 DEB
1 41695U 10007M   20248.06522357  .00000027  00000-0  00000+0 0  9997
2 41695  65.0303 229.7758 5251993  36.3318 349.9036  4.48473480 98454
0 SL-12 DEB
1 41695U 10007M   20248.73416432  .00000030  00000-0  00000+0 0  9991
2 41695  65.0322 229.5478 5253148  36.3129 349.9130  4.48478423 98486
0 SL-12 DEB
1 41695U 10007M   20249.40310675 +.00000034 +00000-0 +00000-0 0  9993
2 41695 065.0426 229.3154 5255139 036.2799 349.9301 04.48472716001375
0 SL-12 DEB
1 41695U 10007M   20249.84906810  .00000037  00000-0  00000+0 0  9995
2 41695  65.0523 229.1671 5257033  36.2632 349.9422  4.48476296 98531
0 SL-12 DEB
1 41695U 10007M   20250.07204994 +.00000039 +00000-0 +00000-0 0  9999
2 41695 065.0571 229.0923 5257866 036.2546 349.9480 04.48477304001406
0 SL-12 DEB
1 41695U 10007M   20250.51800825  .00000042  00000-0  00000+0 0  9996
2 41695  65.0643 228.9391 5259318  36.2358 349.9594  4.48480645 98569
0 SL-12 DEB
1 41695U 10007M   20251.40991994  .00000048  00000-0  00000+0 0  9999
2 41695  65.0768 228.6302 5261850  36.1976 349.9817  4.48484918 98605
0 SL-12 DEB
1 41695U 10007M   20251.85588055 +.00000051 +00000-0 +00000-0 0  9993
2 41695 065.0870 228.4798 5263706 036.1811 349.9941 04.48478225001488
0 SL-12 DEB
1 41695U 10007M   20252.07886036  .00000052  00000-0  00000+0 0  9998
2 41695  65.0953 228.4046 5264949  36.1728 350.0015  4.48482660 98639
0 SL-12 DEB
1 41695U 10007M   20252.52481209 +.00000054 +00000-0 +00000-0 0  9994
2 41695 065.1008 228.2486 5266134 036.1527 350.0127 04.48490955001513
0 SL-12 DEB
1 41695U 10007M   20252.74779642 +.00000055 +00000-0 +00000-0 0  9990
2 41695 065.1050 228.1720 5266744 036.1446 350.0177 04.48474429001521
0 SL-12 DEB
1 41695U 10007M   20252.74779642 +.00000055 +00000-0 +00000-0 0  9990
2 41695 065.1050 228.1720 5266744 036.1446 350.0177 04.48474429098662
0 SL-12 DEB
1 41695U 10007M   20254.08565772  .00000059  00000-0  00000+0 0  9999
2 41695  65.1320 227.7215 5272778  36.0970 350.0550  4.48497131 98728
0 SL-12 DEB
1 41695U 10007M   20254.30863303  .00000059  00000-0  00000+0 0  9995
2 41695  65.1325 227.6427 5272997  36.0871 350.0589  4.48486277 98732
0 SL-12 DEB
1 41695U 10007M   20254.97755850  .00000059  00000-0  00000+0 0  9995
2 41695  65.1479 227.4137 5275862  36.0609 350.0767  4.48486433 98766
0 SL-12 DEB
1 41695U 10007M   20255.42351058 +.00000059 +00000-0 +00000-0 0  9999
2 41695 065.1489 227.2606 5277078 036.0455 350.0851 04.48480804001647
0 SL-12 DEB
1 41695U 10007M   20256.09242957  .00000057  00000-0  00000+0 0  9997
2 41695  65.1637 227.0317 5280117  36.0205 350.1019  4.48490894 98812
0 SL-12 DEB
1 41695U 10007M   20256.31540166 +.00000056 +00000-0 +00000-0 0  9995
2 41695 065.1643 226.9532 5280238 036.0097 350.1050 04.48489916001686
0 SL-12 DEB
1 41695U 10007M   20256.98432157  .00000053  00000-0  00000+0 0  9994
2 41695  65.1755 226.7218 5282672  35.9836 350.1189  4.48487681 98857
0 SL-12 DEB
1 41695U 10007M   20260.55194111 +.00000034 +00000-0 +00000-0 0  9997
2 41695 065.2350 225.4937 5297842 035.8561 350.1917 04.48485560099014
0 SL-12 DEB
1 41695U 10007M   20260.99776198 +.00000032 +00000-0 +00000-0 0  9994
2 41695 065.2451 225.3408 5299804 035.8391 350.2019 04.48506970099034
0 SL-12 DEB
1 41695U 10007M   20261.88962038  .00000031  00000-0  00000+0 0  9991
2 41695  65.2564 225.0309 5303269  35.8086 350.2209  4.48511425 99074
0 SL-12 DEB
1 41695U 10007M   20263.00444345 +.00000032 +00000-0 +00000-0 0  9995
2 41695 065.2713 224.6466 5308101 035.7751 350.2473 04.48511864099123
0 SL-12 DEB
1 41695U 10007M   20271.92259370 -.00000002 +00000-0 +00000-0 0  9995
2 41695 065.3883 221.5324 5348721 035.4994 350.4628 04.48552384099529
0 SL-12 DEB
1 41695U 10007M   20276.60427094 +.00000004 +00000-0 +00000-0 0  9996
2 41695 065.4407 219.8793 5371790 035.3900 350.5745 04.48575172002592
0 SL-12 DEB
1 41695U 10007M   20276.60427094  .00000004  00000-0  00000+0 0  9995
2 41695  65.4407 219.8793 5371790  35.3900 350.5745  4.48575172 99734
0 SL-12 DEB
1 41695U 10007M   20277.27304764  .00000009  00000-0  00000+0 0  9992
2 41695  65.4428 219.6393 5374272  35.3805 350.5886  4.48583317 99762
0 SL-12 DEB
1 41695U 10007M   20277.27304764 +.00000009 +00000-0 +00000-0 0  9993
2 41695 065.4428 219.6393 5374272 035.3805 350.5886 04.48583317099762
0 SL-12 DEB
1 41695U 10007M   20277.27304764 +.00000009 +00000-0 +00000-0 0  9993
2 41695 065.4428 219.6393 5374272 035.3805 350.5886 04.48583317099762
0 SL-12 DEB
1 41695U 10007M   20277.27304764 +.00000009 +00000-0 +00000-0 0  9993
2 41695 065.4428 219.6393 5374272 035.3805 350.5886 04.48583317099762
0 SL-12 DEB
1 41695U 10007M   20277.27304764 +.00000009 +00000-0 +00000-0 0  9993
2 41695 065.4428 219.6393 5374272 035.3805 350.5886 04.48583317099762
0 SL-12 DEB
1 41695U 10007M   20277.27304764 +.00000009 +00000-0 +00000-0 0  9993
2 41695 065.4428 219.6393 5374272 035.3805 350.5886 04.48583317099762
0 SL-12 DEB
1 41695U 10007M   20277.27304764 +.00000009 +00000-0 +00000-0 0  9993
2 41695 065.4428 219.6393 5374272 035.3805 350.5886 04.48583317099762
0 SL-12 DEB
1 41695U 10007M   20277.27304764 +.00000009 +00000-0 +00000-0 0  9993
2 41695 065.4428 219.6393 5374272 035.3805 350.5886 04.48583317099762
0 SL-12 DEB
1 41695U 10007M   20277.27304764 +.00000009 +00000-0 +00000-0 0  9993
2 41695 065.4428 219.6393 5374272 035.3805 350.5886 04.48583317099762
0 SL-12 DEB
1 41695U 10007M   20306.86672722 +.00031431 +00000+0 +12960+0 0  9992
2 41695  65.4917 208.7082 5501849  34.5784 351.3002  4.50508153000015
0 SL-12 DEB
1 41695U 10007M   20306.86672722  .00031432  00000-0  12960+0 0  9994
2 41695  65.4917 208.7082 5501849  34.5784 351.3002  4.50508153101095
0 SL-12 DEB
1 41695U 10007M   20306.86672722 +.00031432 +00000-0 +12960+0 0  9994
2 41695 065.4917 208.7082 5501849 034.5784 351.3002 04.50508153101095
0 SL-12 DEB
1 41695U 10007M   20348.64282277  .00103290  00000-0  78823-1 0  9992
2 41695  64.8838 191.6973 5590728  33.6534 351.8429  4.56022403  1908
0 SL-12 DEB
1 41695U 10007M   20350.83471141  .00086985  00000-0  63497-1 0  9998
2 41695  64.8132 190.7137 5590562  33.6468 351.8276  4.56441570103070
0 SL-12 DEB
1 41695U 10007M   20351.71089973  .00093120  00000-0  66902-1 0  9997
2 41695  64.7924 190.3340 5590422  33.6192 351.8274  4.56606172  2043
0 SL-12 DEB
1 41695U 10007M   20351.71089973  .00093120  00000-0  66902-1 0  9997
2 41695  64.7924 190.3340 5590422  33.6192 351.8274  4.56606172103113
0 SL-12 DEB
1 41695U 10007M   20353.24341931  .00092892  00000-0  64916-1 0  9990
2 41695  64.7489 189.6640 5590017  33.5806 351.8268  4.56914002103188
0 SL-12 DEB
1 41695U 10007M   20353.68110931  .00086518  00000-0  60737-1 0  9997
2 41695  64.7542 189.4859 5589316  33.5596 351.8285  4.56981693  2136
0 SL-12 DEB
1 41695U 10007M   20353.68110931  .00086518  00000-0  60737-1 0  9997
2 41695  64.7542 189.4859 5589316  33.5596 351.8285  4.56981693103206
0 SL-12 DEB
1 41695U 10007M   20354.11871422  .00054677  00000-0  38844-1 0  9990
2 41695  64.7543 189.3186 5588149  33.6017 351.8125  4.57056619103228
0 SL-12 DEB
1 41695U 10007M   20354.55624638  .00089531  00000-0  61797-1 0  9993
2 41695  64.7618 189.1262 5589136  33.5500 351.8284  4.57157221  2176
0 SL-12 DEB
1 41695U 10007M   20354.55624638  .00089531  00000-0  61797-1 0  9993
2 41695  64.7618 189.1262 5589136  33.5500 351.8284  4.57157221103246
0 SL-12 DEB
1 41695U 10007M   20354.77497346  .00095568  00000-0  65868-1 0  9991
2 41695  64.7075 188.9931 5588893  33.5124 351.8373  4.57206488  2184
0 SL-12 DEB
1 41695U 10007M   20354.77497346  .00095568  00000-0  65868-1 0  9991
2 41695  64.7075 188.9931 5588893  33.5124 351.8373  4.57206488103254
0 SL-12 DEB
1 41695U 10007M   20356.52399919  .00100896  00000-0  68920-1 0  9996
2 41695  64.7045 188.2464 5586855  33.4434 351.8507  4.57589624  2268
0 SL-12 DEB
1 41695U 10007M   20356.52399919  .00100896  00000-0  68920-1 0  9996
2 41695  64.7045 188.2464 5586855  33.4434 351.8507  4.57589624103338
0 SL-12 DEB
1 41695U 10007M   20357.61627108  .00164362  00000-0  10786+0 0  9994
2 41695  64.7034 187.8124 5586735  33.3432 351.8793  4.57949366  2314
0 SL-12 DEB
1 41695U 10007M   20357.61627108  .00164362  00000-0  10786+0 0  9994
2 41695  64.7034 187.8124 5586735  33.3432 351.8793  4.57949366103383
0 SL-12 DEB
1 41695U 10007M   20361.54185549  .00108904  00000-0  71373-1 0  9990
2 41695  64.5986 186.0632 5579407  33.3929 351.8448  4.59053706  2494
0 SL-12 DEB
1 41695U 10007M   20361.54185549  .00108904  00000-0  71373-1 0  9990
2 41695  64.5986 186.0632 5579407  33.3929 351.8448  4.59053706103564
0 SL-12 DEB
1 41695U 10007M   20363.50141901  .00123797  00000-0  80575-1 0  9993
2 41695  64.5556 185.2015 5576685  33.3060 351.8496  4.59525014  2583
0 SL-12 DEB
1 41695U 10007M   20363.50141901  .00123797  00000-0  80575-1 0  9993
2 41695  64.5556 185.2015 5576685  33.3060 351.8496  4.59525014103653
0 SL-12 DEB
1 41695U 10007M   20364.80662179  .00124254  00000-0  81717-1 0  9990
2 41695  64.4641 184.5767 5573946  33.2869 351.8365  4.59852337  2649
0 SL-12 DEB
1 41695U 10007M   20364.80662179  .00124254  00000-0  81717-1 0  9990
2 41695  64.4641 184.5767 5573946  33.2869 351.8365  4.59852337103719
0 SL-12 DEB
1 41695U 10007M   20366.76270978  .00085098  00000-0  55470-1 0  9998
2 41695  64.4651 183.7450 5571440  33.2192 351.8320  4.60311924  2731
0 SL-12 DEB
1 41695U 10007M   20366.76270978  .00085098  00000-0  55470-1 0  9998
2 41695  64.4651 183.7450 5571440  33.2192 351.8320  4.60311924103801
0 SL-12 DEB
1 41695U 10007M   21002.50004624  .00101334  00000-0  68275-1 0  9990
2 41695  64.3771 182.9506 5567256  33.1962 351.8172  4.60663467  2816
0 SL-12 DEB
1 41695U 10007M   21002.50004624  .00101334  00000-0  68275-1 0  9990
2 41695  64.3771 182.9506 5567256  33.1962 351.8172  4.60663467103885
0 SL-12 DEB
1 41695U 10007M   21003.58537489  .00064613  00000-0  43623-1 0  9997
2 41695  64.3486 182.4600 5566373  33.0587 351.8496  4.60778450  2863
0 SL-12 DEB
1 41695U 10007M   21003.58537489  .00064613  00000-0  43623-1 0  9997
2 41695  64.3486 182.4600 5566373  33.0587 351.8496  4.60778450103933
0 SL-12 DEB
1 41695U 10007M   21007.48954035  .00082950  00000-0  60658-1 0  9991
2 41695  64.2885 180.7371 5557726  33.1431 351.8056  4.61364933  3043
0 SL-12 DEB
1 41695U 10007M   21007.48954035  .00082950  00000-0  60658-1 0  9991
2 41695  64.2885 180.7371 5557726  33.1431 351.8056  4.61364933104113
0 SL-12 DEB
1 41695U 10007M   21007.70628436  .00066001  00000-0  48058-1 0  9998
2 41695  64.2613 180.6199 5557786  33.0696 351.8250  4.61388509  3059
0 SL-12 DEB
1 41695U 10007M   21007.70628436  .00066001  00000-0  48058-1 0  9998
2 41695  64.2613 180.6199 5557786  33.0696 351.8250  4.61388509104129
0 SL-12 DEB
1 41695U 10007M   21010.73928262  .00057128  00000-0  43724-1 0  9990
2 41695  64.2054 179.2647 5552369  33.0268 351.8018  4.61761683  3192
0 SL-12 DEB
1 41695U 10007M   21010.73928262  .00057128  00000-0  43724-1 0  9990
2 41695  64.2054 179.2647 5552369  33.0268 351.8018  4.61761683104262
0 SL-12 DEB
1 41695U 10007M   21013.55356111  .00047334  00000-0  38134-1 0  9998
2 41695  64.1153 178.0001 5547268  32.8392 351.8140  4.62088520104392
0 SL-12 DEB
1 41695U 10007M   21014.63552527  .00037913  00000-0  30395-1 0  9990
2 41695  64.0859 177.5109 5547127  32.6603 351.8572  4.62164063  3376
0 SL-12 DEB
1 41695U 10007M   21014.63552527  .00037913  00000-0  30395-1 0  9990
2 41695  64.0859 177.5109 5547127  32.6603 351.8572  4.62164063104446
0 SL-12 DEB
1 41695U 10007M   21015.71728795  .00029271  00000-0  25120-1 0  9990
2 41695  64.0842 177.0223 5542536  32.8657 351.7880  4.62235083  3428
0 SL-12 DEB
1 41695U 10007M   21015.71728795  .00029271  00000-0  25120-1 0  9990
2 41695  64.0842 177.0223 5542536  32.8657 351.7880  4.62235083104497
0 SL-12 DEB
1 41695U 10007M   21017.44781802  .00025555  00000-0  22923-1 0  9999
2 41695  64.0318 176.2607 5539055  32.6296 351.8448  4.62339052  3503
0 SL-12 DEB
1 41695U 10007M   21017.44781802  .00025555  00000-0  22923-1 0  9999
2 41695  64.0318 176.2607 5539055  32.6296 351.8448  4.62339052104572
0 SL-12 DEB
1 41695U 10007M   21019.61044964  .00015123  00000-0  14062-1 0  9996
2 41695  63.9882 175.3051 5535837  32.5402 351.8667  4.62445897  3601
0 SL-12 DEB
1 41695U 10007M   21019.61044964  .00015123  00000-0  14062-1 0  9996
2 41695  63.9882 175.3051 5535837  32.5402 351.8667  4.62445897104670
0 SL-12 DEB
1 41695U 10007M   21020.69152474  .00026558  00000-0  26147-1 0  9993
2 41695  63.9615 174.7933 5531645  32.6477 351.8276  4.62525584  3656
0 SL-12 DEB
1 41695U 10007M   21020.69152474  .00026558  00000-0  26147-1 0  9993
2 41695  63.9615 174.7933 5531645  32.6477 351.8276  4.62525584104726
0 SL-12 DEB
1 41695U 10007M   21022.42096332  .00024749  00000-0  25009-1 0  9992
2 41695  63.9599 174.0430 5529187  32.6658 351.8145  4.62630017  3733
0 SL-12 DEB
1 41695U 10007M   21022.42096332  .00024749  00000-0  25009-1 0  9992
2 41695  63.9599 174.0430 5529187  32.6658 351.8145  4.62630017104803
0 SL-12 DEB
1 41695U 10007M   21023.50173174  .00023540  00000-0  24724-1 0  9993
2 41695  63.8985 173.5527 5526495  32.1893 351.9308  4.62658593  3783
0 SL-12 DEB
1 41695U 10007M   21023.50173174  .00023540  00000-0  24724-1 0  9993
2 41695  63.8985 173.5527 5526495  32.1893 351.9308  4.62658593104853
0 SL-12 DEB
1 41695U 10007M   21024.58238740  .00026500  00000-0  27847-1 0  9991
2 41695  63.8683 173.0476 5526231  32.1919 351.9241  4.62706741  3834
0 SL-12 DEB
1 41695U 10007M   21024.58238740  .00026500  00000-0  27847-1 0  9991
2 41695  63.8683 173.0476 5526231  32.1919 351.9241  4.62706741104904
0 SL-12 DEB
1 41695U 10007M   21025.66291584  .00041301  00000-0  43302-1 0  9996
2 41695  63.8678 172.5786 5526049  32.1773 351.9214  4.62773025  3885
0 SL-12 DEB
1 41695U 10007M   21025.66291584  .00041301  00000-0  43302-1 0  9996
2 41695  63.8678 172.5786 5526049  32.1773 351.9214  4.62773025104955
0 SL-12 DEB
1 41695U 10007M   21027.39143924  .00026771  00000-0  33232-1 0  9997
2 41695  63.8138 171.7972 5514200  32.3949 351.8201  4.62868708105035
0 SL-12 DEB
1 41695U 10007M   21028.47161637  .00018724  00000-0  23722-1 0  9990
2 41695  63.8018 171.3258 5512609  32.3247 351.8318  4.62910527  4019
0 SL-12 DEB
1 41695U 10007M   21028.47161637  .00018724  00000-0  23722-1 0  9990
2 41695  63.8018 171.3258 5512609  32.3247 351.8318  4.62910527105088
0 SL-12 DEB
1 41695U 10007M   21031.49586550  .00009339  00000-0  11474-1 0  9994
2 41695  63.7535 169.9760 5514311  31.7413 352.0017  4.62951880  4154
0 SL-12 DEB
1 41695U 10007M   21031.49586550  .00009339  00000-0  11474-1 0  9994
2 41695  63.7535 169.9760 5514311  31.7413 352.0017  4.62951880105224
0 SL-12 DEB
1 41695U 10007M   21033.44000980  .00006300  00000-0  50854-2 0  9990
2 41695  63.6577 168.9011 5540823  30.3446 352.4574  4.62958084  4240
0 SL-12 DEB
1 41695U 10007M   21033.44000980  .00006300  00000-0  50854-2 0  9990
2 41695  63.6577 168.9011 5540823  30.3446 352.4574  4.62958084105310
0 SL-12 DEB
1 41695U 10007M   21074.27286323  .00002303  00000-0  10237-1 0  9992
2 41695  63.5297 151.4511 5410609  29.6947 352.3918  4.62724199  6134
0 SL-12 DEB
1 41695U 10007M   21074.27286323  .00002303  00000-0  10237-1 0  9992
2 41695  63.5297 151.4511 5410609  29.6947 352.3918  4.62724199107204
0 SL-12 DEB
1 41695U 10007M   21076.21785055 -.00001684  00000-0 -74491-2 0  9990
2 41695  63.5488 150.6613 5407683  29.5840 352.4181  4.62724358  6229
0 SL-12 DEB
1 41695U 10007M   21076.21785055 -.00001684  00000-0 -74491-2 0  9990
2 41695  63.5488 150.6613 5407683  29.5840 352.4181  4.62724358107298
0 SL-12 DEB
1 41695U 10007M   21077.29839602  .00000218  00000-0  11925-2 0  9990
2 41695  63.5595 150.2106 5406460  29.5141 352.4331  4.62727118  6276
0 SL-12 DEB
1 41695U 10007M   21077.29839602  .00000218  00000-0  11925-2 0  9990
2 41695  63.5595 150.2106 5406460  29.5141 352.4331  4.62727118107346
0 SL-12 DEB
1 41695U 10007M   21079.45946690 -.00000893  00000-0 -39409-2 0  9994
2 41695  63.5816 149.3139 5404272  29.3955 352.4553  4.62733271  6371
0 SL-12 DEB
1 41695U 10007M   21079.45946690 -.00000893  00000-0 -39409-2 0  9994
2 41695  63.5816 149.3139 5404272  29.3955 352.4553  4.62733271107441
0 SL-12 DEB
1 41695U 10007M   21080.32391576 -.00001985  00000-0 -91139-2 0  9990
2 41695  63.5943 148.9563 5403614  29.3544 352.4638  4.62718318  6415
0 SL-12 DEB
1 41695U 10007M   21080.32391576 -.00001985  00000-0 -91139-2 0  9990
2 41695  63.5943 148.9563 5403614  29.3544 352.4638  4.62718318107484
0 SL-12 DEB
1 41695U 10007M   21084.42998682 -.00006294  00000-0 -30590-1 0  9997
2 41695  63.6512 147.2592 5399959  29.1137 352.5348  4.62736558  6600
0 SL-12 DEB
1 41695U 10007M   21084.42998682 -.00006294  00000-0 -30590-1 0  9997
2 41695  63.6512 147.2592 5399959  29.1137 352.5348  4.62736558107679
0 SL-12 DEB
1 41695U 10007M   21086.59098218 -.00010818  00000-0 -53963-1 0  9999
2 41695  63.6879 146.3719 5397690  28.9535 352.5884  4.62727370  6704
0 SL-12 DEB
1 41695U 10007M   21086.59098218 -.00010818  00000-0 -53963-1 0  9999
2 41695  63.6879 146.3719 5397690  28.9535 352.5884  4.62727370107773
0 SL-12 DEB
1 41695U 10007M   21087.23928473 -.00013885  00000-0 -69774-1 0  9990
2 41695  63.6976 146.1054 5396915  28.9056 352.6028  4.62734490107804
0 SL-12 DEB
1 41695U 10007M   21088.31982184 -.00009737  00000-0 -49447-1 0  9995
2 41695  63.7205 145.6654 5395937  28.8256 352.6246  4.62720012  6786
0 SL-12 DEB
1 41695U 10007M   21088.31982184 -.00009737  00000-0 -49447-1 0  9995
2 41695  63.7205 145.6654 5395937  28.8256 352.6246  4.62720012107856
0 SL-12 DEB
1 41695U 10007M   21090.26480804 -.00002448  00000-0 -12548-1 0  9998
2 41695  63.7592 144.8738 5394352  28.7035 352.6481  4.62721658  6871
0 SL-12 DEB
1 41695U 10007M   21090.26480804 -.00002448  00000-0 -12548-1 0  9998
2 41695  63.7592 144.8738 5394352  28.7035 352.6481  4.62721658107941
0 SL-12 DEB
1 41695U 10007M   21091.34536207  .00001327  00000-0  70126-2 0  9997
2 41695  63.7759 144.4313 5393886  28.6528 352.6538  4.62729787  6928
0 SL-12 DEB
1 41695U 10007M   21091.34536207  .00001327  00000-0  70126-2 0  9997
2 41695  63.7759 144.4313 5393886  28.6528 352.6538  4.62729787107997
0 SL-12 DEB
1 41695U 10007M   21092.42592214 -.00002626  00000-0 -13488-1 0  9999
2 41695  63.7960 143.9975 5393322  28.5686 352.6684  4.62719708  6978
0 SL-12 DEB
1 41695U 10007M   21092.42592214 -.00002626  00000-0 -13488-1 0  9999
2 41695  63.7960 143.9975 5393322  28.5686 352.6684  4.62719708108049
0 SL-12 DEB
1 41695U 10007M   21097.39650116 -.00005329  00000-0 -27991-1 0  9993
2 41695  63.8917 141.9777 5392094  28.2744 352.7499  4.62731045  7206
0 SL-12 DEB
1 41695U 10007M   21097.39650116 -.00005329  00000-0 -27991-1 0  9993
2 41695  63.8917 141.9777 5392094  28.2744 352.7499  4.62731045108275
0 SL-12 DEB
1 41695U 10007M   21099.12536550 -.00006079  00000-0 -32086-1 0  9995
2 41695  63.9267 141.2779 5391905  28.1685 352.7872  4.62737359108350
0 SL-12 DEB
1 41695U 10007M   21099.55757694 -.00008386  00000-0 -44281-1 0  9999
2 41695  63.9312 141.1007 5391893  28.1405 352.7964  4.62735275  7300
0 SL-12 DEB
1 41695U 10007M   21099.55757694 -.00008386  00000-0 -44281-1 0  9999
2 41695  63.9312 141.1007 5391893  28.1405 352.7964  4.62735275108379
0 SL-12 DEB
1 41695U 10007M   21100.20589254 -.00004573  00000-0 -24171-1 0  9999
2 41695  63.9454 140.8389 5391896  28.1015 352.8085  4.62738189  7331
0 SL-12 DEB
1 41695U 10007M   21101.07030603 -.00007812  00000-0 -41295-1 0  9999
2 41695  63.9667 140.4936 5391819  28.0512 352.8225  4.62737450108447
0 SL-12 DEB
1 41695U 10007M   21101.50250505 -.00003051  00000-0 -16133-1 0  9996
2 41695  63.9680 140.3136 5391899  28.0313 352.8276  4.62749858  7393
0 SL-12 DEB
1 41695U 10007M   21101.50250505 -.00003051  00000-0 -16133-1 0  9996
2 41695  63.9680 140.3136 5391899  28.0313 352.8276  4.62749858108463
0 SL-12 DEB
1 41695U 10007M   21102.36690265 -.00006781  00000-0 -35701-1 0  9997
2 41695  63.9917 139.9691 5392121  27.9683 352.8431  4.62749571  7433
0 SL-12 DEB
1 41695U 10007M   21102.36690265 -.00006781  00000-0 -35701-1 0  9997
2 41695  63.9917 139.9691 5392121  27.9683 352.8431  4.62749571108503
0 SL-12 DEB
1 41695U 10007M   21103.66348002 -.00006740  00000-0 -35300-1 0  9990
2 41695  64.0219 139.4477 5392482  27.9013 352.8560  4.62757880108565
0 SL-12 DEB
1 41695U 10007M   21105.17612289 -.00009275  00000-0 -48224-1 0  9994
2 41695  64.0562 138.8368 5393080  27.8218 352.8698  4.62769155108637
0 SL-12 DEB
1 41695U 10007M   21105.39221756 -.00018684  00000-0 -96830-1 0  9993
2 41695  64.0850 138.7687 5393528  27.7788 352.8813  4.62760416  7579
0 SL-12 DEB
1 41695U 10007M   21105.39221756 -.00018684  00000-0 -96830-1 0  9993
2 41695  64.0850 138.7687 5393528  27.7788 352.8813  4.62760416108649
0 SL-12 DEB
1 41695U 10007M   21136.06768640  .00005136  00000-0  18913-1 0  9991
2 41695  64.8466 126.6179 5424891  26.3635 353.2394  4.63073134  8986
0 SL-12 DEB
1 41695U 10007M   21136.06768640  .00005136  00000-0  18913-1 0  9991
2 41695  64.8466 126.6179 5424891  26.3635 353.2394  4.63073134110069
0 SL-12 DEB
1 41695U 10007M   21139.95450883  .00006275  00000-0  21522-1 0  9994
2 41695  64.9406 125.0882 5430424  26.1962 353.3056  4.63147724110241
0 SL-12 DEB
1 41695U 10007M   21140.38634042  .00007130  00000-0  24316-1 0  9999
2 41695  64.9501 124.9190 5430956  26.1835 353.3106  4.63153866  9186
0 SL-12 DEB
1 41695U 10007M   21140.81816360  .00013515  00000-0  45933-1 0  9994
2 41695  64.9607 124.7496 5431505  26.1696 353.3155  4.63164638  9202
0 SL-12 DEB
1 41695U 10007M   21140.81816360  .00013515  00000-0  45933-1 0  9994
2 41695  64.9607 124.7496 5431505  26.1696 353.3155  4.63164638110283
0 SL-12 DEB
1 41695U 10007M   21141.89767507  .00006644  00000-0  22097-1 0  9992
2 41695  64.9863 124.3263 5432993  26.1338 353.3259  4.63190945  9259
0 SL-12 DEB
1 41695U 10007M   21142.32946385  .00005513  00000-0  18192-1 0  9999
2 41695  64.9969 124.1547 5433579  26.1202 353.3287  4.63199012110359
0 SL-12 DEB
1 41695U 10007M   21142.54535524  .00004827  00000-0  15854-1 0  9991
2 41695  65.0031 124.0698 5433892  26.1138 353.3298  4.63204562  9281
0 SL-12 DEB
1 41695U 10007M   21143.19301612  .00005861  00000-0  19108-1 0  9997
2 41695  65.0167 123.8155 5434768  26.0945 353.3323  4.63216007  9314
0 SL-12 DEB
1 41695U 10007M   21143.19301612  .00005861  00000-0  19108-1 0  9997
2 41695  65.0167 123.8155 5434768  26.0945 353.3323  4.63216007110395
0 SL-12 DEB
1 41695U 10007M   21145.99937821  .00019264  00000-0  60434-1 0  9994
2 41695  65.0802 122.7113 5438472  26.0163 353.3355  4.63266249110524
0 SL-12 DEB
1 41695U 10007M   21146.21524296  .00016689  00000-0  52249-1 0  9991
2 41695  65.0850 122.6249 5438685  26.0110 353.3357  4.63265527  9453
0 SL-12 DEB
1 41695U 10007M   21146.21524296  .00016689  00000-0  52249-1 0  9991
2 41695  65.0850 122.6249 5438685  26.0110 353.3357  4.63265527110535
0 SL-12 DEB
1 41695U 10007M   21147.07867920  .00007131  00000-0  22107-1 0  9992
2 41695  65.0988 122.2828 5439712  25.9839 353.3398  4.63277714  9492
0 SL-12 DEB
1 41695U 10007M   21147.07867920  .00007131  00000-0  22107-1 0  9992
2 41695  65.0988 122.2828 5439712  25.9839 353.3398  4.63277714110574
0 SL-12 DEB
1 41695U 10007M   21149.02125476  .00010388  00000-0  31180-1 0  9991
2 41695  65.1461 121.5197 5442090  25.9358 353.3553  4.63334259110662
0 SL-12 DEB
1 41695U 10007M   21149.45291252  .00012679  00000-0  37705-1 0  9998
2 41695  65.1610 121.3509 5442771  25.9271 353.3603  4.63345017  9604
0 SL-12 DEB
1 41695U 10007M   21149.45291252  .00012679  00000-0  37705-1 0  9998
2 41695  65.1610 121.3509 5442771  25.9271 353.3603  4.63345017110685
0 SL-12 DEB
1 41695U 10007M   21149.88455860  .00011533  00000-0  34094-1 0  9998
2 41695  65.1679 121.1827 5443202  25.9154 353.3658  4.63355975  9626
0 SL-12 DEB
1 41695U 10007M   21150.10037947  .00010939  00000-0  32073-1 0  9991
2 41695  65.1683 121.0954 5443866  25.9007 353.3721  4.63361939  9633
0 SL-12 DEB
1 41695U 10007M   21150.96364059  .00006932  00000-0  19983-1 0  9995
2 41695  65.1866 120.7565 5445165  25.8847 353.3830  4.63376846110755
0 SL-12 DEB
1 41695U 10007M   21151.17944955  .00004776  00000-0  13832-1 0  9999
2 41695  65.1833 120.6675 5444716  25.8694 353.3870  4.63378634  9681
0 SL-12 DEB
1 41695U 10007M   21151.17944955  .00004776  00000-0  13832-1 0  9999
2 41695  65.1833 120.6675 5444716  25.8694 353.3870  4.63378634110763
0 SL-12 DEB
1 41695U 10007M   21153.98478878  .00010867  00000-0  30009-1 0  9999
2 41695  65.2393 119.5620 5448261  25.8070 353.4183  4.63441407  9819
0 SL-12 DEB
1 41695U 10007M   21153.98478878  .00010867  00000-0  30009-1 0  9999
2 41695  65.2393 119.5620 5448261  25.8070 353.4183  4.63441407110890
0 SL-12 DEB
1 41695U 10007M   21154.84790124  .00013598  00000-0  37181-1 0  9998
2 41695  65.2543 119.2199 5449054  25.8011 353.4202  4.63459250110933
0 SL-12 DEB
1 41695U 10007M   21155.27943170  .00011697  00000-0  31813-1 0  9991
2 41695  65.2598 119.0503 5449416  25.7812 353.4250  4.63475435  9876
0 SL-12 DEB
1 41695U 10007M   21155.27943170  .00011697  00000-0  31813-1 0  9991
2 41695  65.2598 119.0503 5449416  25.7812 353.4250  4.63475435110958
0 SL-12 DEB
1 41695U 10007M   21155.92671819  .00008721  00000-0  23484-1 0  9990
2 41695  65.2713 118.7953 5450245  25.7592 353.4302  4.63487343  9900
0 SL-12 DEB
1 41695U 10007M   21156.14247478  .00008409  00000-0  22546-1 0  9996
2 41695  65.2755 118.7103 5450599  25.7474 353.4332  4.63493480110998
0 SL-12 DEB
1 41695U 10007M   21157.43696968  .00013523  00000-0  35491-1 0  9997
2 41695  65.3029 118.2016 5452364  25.7216 353.4373  4.63525439  9977
0 SL-12 DEB
1 41695U 10007M   21157.43696968  .00013523  00000-0  35491-1 0  9997
2 41695  65.3029 118.2016 5452364  25.7216 353.4373  4.63525439111050
0 SL-12 DEB
1 41695U 10007M   21158.08417630  .00007122  00000-0  18559-1 0  9990
2 41695  65.3157 117.9469 5453118  25.7074 353.4393  4.63544077 10004
0 SL-12 DEB
1 41695U 10007M   21158.08417630  .00007122  00000-0  18559-1 0  9990
2 41695  65.3157 117.9469 5453118  25.7074 353.4393  4.63544077111084
0 SL-12 DEB
1 41695U 10007M   21158.94707717  .00009671  00000-0  24930-1 0  9994
2 41695  65.3276 117.6051 5453893  25.6837 353.4433  4.63568931 10040
0 SL-12 DEB
1 41695U 10007M   21158.94707717  .00009671  00000-0  24930-1 0  9994
2 41695  65.3276 117.6051 5453893  25.6837 353.4433  4.63568931111121
0 SL-12 DEB
1 41695U 10007M   21159.16279300  .00018369  00000-0  47110-1 0  9990
2 41695  65.3331 117.5188 5454039  25.6876 353.4417  4.63582786 10055
0 SL-12 DEB
1 41695U 10007M   21159.16279300  .00018369  00000-0  47110-1 0  9990
2 41695  65.3331 117.5188 5454039  25.6876 353.4417  4.63582786111136
0 SL-12 DEB
1 41695U 10007M   21162.82939412  .00023542  00000-0  57073-1 0  9992
2 41695  65.3951 116.0728 5457727  25.6160 353.4690  4.63727907 10228
0 SL-12 DEB
1 41695U 10007M   21163.04504014  .00019008  00000-0  45951-1 0  9997
2 41695  65.3930 115.9854 5457943  25.6097 353.4721  4.63735793111311
0 SL-12 DEB
1 41695U 10007M   21163.26068185  .00017918  00000-0  43174-1 0  9998
2 41695  65.3950 115.8994 5458145  25.6060 353.4746  4.63745820 10241
0 SL-12 DEB
1 41695U 10007M   21163.47631458  .00017600  00000-0  42233-1 0  9993
2 41695  65.4015 115.8133 5458328  25.6098 353.4752  4.63767865 10254
0 SL-12 DEB
1 41695U 10007M   21163.47631458  .00017600  00000-0  42233-1 0  9993
2 41695  65.4015 115.8133 5458328  25.6098 353.4752  4.63767865111335
0 SL-12 DEB
1 41695U 10007M   21166.92582907  .00022203  00000-0  50858-1 0  9997
2 41695  65.4499 114.4454 5460923  25.5355 353.5221  4.63912812 10414
0 SL-12 DEB
1 41695U 10007M   21167.14138631  .00021878  00000-0  49866-1 0  9997
2 41695  65.4543 114.3620 5461216  25.5276 353.5258  4.63928061 10420
0 SL-12 DEB
1 41695U 10007M   21167.14138631  .00021878  00000-0  49866-1 0  9997
2 41695  65.4543 114.3620 5461216  25.5276 353.5258  4.63928061111501
0 SL-12 DEB
1 41695U 10007M   21169.94311157  .00021077  00000-0  46205-1 0  9998
2 41695  65.4937 113.2533 5463445  25.4837 353.5424  4.64078837 10553
0 SL-12 DEB
1 41695U 10007M   21169.94311157  .00021077  00000-0  46205-1 0  9998
2 41695  65.4937 113.2533 5463445  25.4837 353.5424  4.64078837111634
0 SL-12 DEB
1 41695U 10007M   21172.09773998  .00017232  00000-0  36933-1 0  9998
2 41695  65.5188 112.3960 5464972  25.4550 353.5423  4.64160410 10653
0 SL-12 DEB
1 41695U 10007M   21172.09773998  .00017232  00000-0  36933-1 0  9998
2 41695  65.5188 112.3960 5464972  25.4550 353.5423  4.64160410111734
0 SL-12 DEB
1 41695U 10007M   21174.89812349  .00024801  00000-0  51484-1 0  9990
2 41695  65.5481 111.2803 5466632  25.4141 353.5534  4.64299223 10786
0 SL-12 DEB
1 41695U 10007M   21175.11350339  .00028952  00000-0  60115-1 0  9994
2 41695  65.5489 111.1929 5466493  25.4101 353.5550  4.64309678 10798
0 SL-12 DEB
1 41695U 10007M   21175.11350339  .00028952  00000-0  60115-1 0  9994
2 41695  65.5489 111.1929 5466493  25.4101 353.5550  4.64309678111879
0 SL-12 DEB
1 41695U 10007M   21176.19033878  .00037979  00000-0  77611-1 0  9997
2 41695  65.5653 110.7651 5467275  25.4001 353.5657  4.64369121 10849
0 SL-12 DEB
1 41695U 10007M   21176.19033878  .00037979  00000-0  77611-1 0  9997
2 41695  65.5653 110.7651 5467275  25.4001 353.5657  4.64369121111920
0 SL-12 DEB
1 41695U 10007M   21176.83635304  .00022266  00000-0  45506-1 0  9991
2 41695  65.5673 110.5065 5467084  25.3836 353.5747  4.64410696 10878
0 SL-12 DEB
1 41695U 10007M   21176.83635304  .00022266  00000-0  45506-1 0  9991
2 41695  65.5673 110.5065 5467084  25.3836 353.5747  4.64410696111959
0 SL-12 DEB
1 41695U 10007M   21177.91289899  .00025470  00000-0  51745-1 0  9997
2 41695  65.5676 110.0733 5466957  25.3302 353.5976  4.64483961112001
0 SL-12 DEB
1 41695U 10007M   21178.77399203  .00036787  00000-0  74412-1 0  9992
2 41695  65.5700 109.7267 5466669  25.2915 353.6140  4.64563939 10965
0 SL-12 DEB
1 41695U 10007M   21178.77399203  .00036787  00000-0  74412-1 0  9992
2 41695  65.5700 109.7267 5466669  25.2915 353.6140  4.64563939112047
0 SL-12 DEB
1 41695U 10007M   21179.20449266  .00037959  00000-0  76059-1 0  9997
2 41695  65.5861 109.5615 5467144  25.3331 353.6071  4.64602099 10986
0 SL-12 DEB
1 41695U 10007M   21179.20449266  .00037959  00000-0  76059-1 0  9997
2 41695  65.5861 109.5615 5467144  25.3331 353.6071  4.64602099112068
0 SL-12 DEB
1 41695U 10007M   21180.06540579  .00045209  00000-0  90072-1 0  9990
2 41695  65.5957 109.2199 5467131  25.3511 353.6071  4.64666314 11028
0 SL-12 DEB
1 41695U 10007M   21180.06540579  .00045209  00000-0  90072-1 0  9990
2 41695  65.5957 109.2199 5467131  25.3511 353.6071  4.64666314112109
0 SL-12 DEB
1 41695U 10007M   21182.43247845  .00040444  00000-0  77239-1 0  9999
2 41695  65.6345 108.2806 5469451  25.4823 353.5820  4.64818875 11132
0 SL-12 DEB
1 41695U 10007M   21182.43247845  .00040444  00000-0  77239-1 0  9999
2 41695  65.6345 108.2806 5469451  25.4823 353.5820  4.64818875112213
0 SL-12 DEB
1 41695U 10007M   21182.86247345  .00043320  00000-0  83439-1 0  9996
2 41695  65.6188 108.1024 5467929  25.3364 353.6164  4.64946592 11157
0 SL-12 DEB
1 41695U 10007M   21182.86247345  .00043320  00000-0  83439-1 0  9996
2 41695  65.6188 108.1024 5467929  25.3364 353.6164  4.64946592112238
0 SL-12 DEB
1 41695U 10007M   21183.07755995  .00031290  00000-0  60080-1 0  9995
2 41695  65.6200 108.0154 5468233  25.3293 353.6187  4.64944667 11162
0 SL-12 DEB
1 41695U 10007M   21183.07755995  .00031290  00000-0  60080-1 0  9995
2 41695  65.6200 108.0154 5468233  25.3293 353.6187  4.64944667112243
0 SL-12 DEB
1 41695U 10007M   21183.93780943  .00035671  00000-0  67896-1 0  9990
2 41695  65.6221 107.6695 5468431  25.3205 353.6201  4.65020206 11200
0 SL-12 DEB
1 41695U 10007M   21183.93780943  .00035671  00000-0  67896-1 0  9990
2 41695  65.6221 107.6695 5468431  25.3205 353.6201  4.65020206112280
0 SL-12 DEB
1 41695U 10007M   21185.87285237  .00042597  00000-0  80354-1 0  9990
2 41695  65.6225 106.8866 5468065  25.2494 353.6361  4.65185654 11292
0 SL-12 DEB
1 41695U 10007M   21185.87285237  .00042597  00000-0  80354-1 0  9990
2 41695  65.6225 106.8866 5468065  25.2494 353.6361  4.65185654112373
0 SL-12 DEB
1 41695U 10007M   21187.16254133  .00063117  00000-0  11787+0 0  9998
2 41695  65.6286 106.3682 5467897  25.2401 353.6400  4.65318957112436
0 SL-12 DEB
1 41695U 10007M   21188.23703237  .00038321  00000-0  71114-1 0  9992
2 41695  65.6296 105.9346 5467957  25.2430 353.6437  4.65399388112480
0 SL-12 DEB
1 41695U 10007M   21188.88160713  .00037331  00000-0  68852-1 0  9994
2 41695  65.6320 105.6757 5468005  25.2350 353.6498  4.65462437112514
0 SL-12 DEB
1 41695U 10007M   21189.95572295  .00024409  00000-0  44848-1 0  9996
2 41695  65.6375 105.2434 5467926  25.2173 353.6625  4.65531254 11486
0 SL-12 DEB
1 41695U 10007M   21189.95572295  .00024409  00000-0  44848-1 0  9996
2 41695  65.6375 105.2434 5467926  25.2173 353.6625  4.65531254112567
0 SL-12 DEB
1 41695U 10007M   21191.02966496  .00032128  00000-0  58708-1 0  9994
2 41695  65.6408 104.8102 5467583  25.2104 353.6735  4.65621974 11530
0 SL-12 DEB
1 41695U 10007M   21191.02966496  .00032128  00000-0  58708-1 0  9994
2 41695  65.6408 104.8102 5467583  25.2104 353.6735  4.65621974112611
0 SL-12 DEB
1 41695U 10007M   21191.45921703  .00029749  00000-0  54491-1 0  9993
2 41695  65.6394 104.6353 5467387  25.1843 353.6842  4.65621686112633
0 SL-12 DEB
1 41695U 10007M   21192.74769264  .00022623  00000-0  41298-1 0  9993
2 41695  65.6392 104.1128 5467045  25.1281 353.7103  4.65704420 11618
0 SL-12 DEB
1 41695U 10007M   21192.74769264  .00022623  00000-0  41298-1 0  9993
2 41695  65.6392 104.1128 5467045  25.1281 353.7103  4.65704420112698
0 SL-12 DEB
1 41695U 10007M   21193.82126539  .00030522  00000-0  55481-1 0  9991
2 41695  65.6395 103.6785 5466813  25.1057 353.7240  4.65774036 11664
0 SL-12 DEB
1 41695U 10007M   21193.82126539  .00030522  00000-0  55481-1 0  9991
2 41695  65.6395 103.6785 5466813  25.1057 353.7240  4.65774036112745
0 SL-12 DEB
1 41695U 10007M   21195.75337310  .00033905  00000-0  61532-1 0  9998
2 41695  65.6382 102.8962 5466262  25.0543 353.7434  4.65872371 11751
0 SL-12 DEB
1 41695U 10007M   21195.75337310  .00033905  00000-0  61532-1 0  9998
2 41695  65.6382 102.8962 5466262  25.0543 353.7434  4.65872371112832
0 SL-12 DEB
1 41695U 10007M   21195.75337319  .00022935  00000-0  41646-1 0  9992
2 41695  65.6386 102.8962 5466286  25.0541 353.7435  4.65867229 11756
0 SL-12 DEB
1 41695U 10007M   21195.75337319  .00022935  00000-0  41646-1 0  9992
2 41695  65.6386 102.8962 5466286  25.0541 353.7435  4.65867229112837
0 SL-12 DEB
1 41695U 10007M   21196.82655817  .00029397  00000-0  53390-1 0  9995
2 41695  65.6389 102.4624 5465760  25.0174 353.7512  4.65946763 11801
0 SL-12 DEB
1 41695U 10007M   21196.82655817  .00029397  00000-0  53390-1 0  9995
2 41695  65.6389 102.4624 5465760  25.0174 353.7512  4.65946763112881
0 SL-12 DEB
1 41695U 10007M   21197.68498646  .00021218  00000-0  38611-1 0  9998
2 41695  65.6387 102.1142 5465396  24.9908 353.7550  4.65996317 11845
0 SL-12 DEB
1 41695U 10007M   21198.11388495  .00044097  00000-0  79771-1 0  9999
2 41695  65.6339 101.9333 5464629  24.9927 353.7514  4.66161592 11862
0 SL-12 DEB
1 41695U 10007M   21198.11388495  .00044097  00000-0  79771-1 0  9999
2 41695  65.6339 101.9333 5464629  24.9927 353.7514  4.66161592112943
0 SL-12 DEB
1 41695U 10007M   21203.69108713  .00052740  00000-0  97585-1 0  9999
2 41695  65.6209  99.6653 5461012  24.8656 353.7921  4.66439159 12126
0 SL-12 DEB
1 41695U 10007M   21203.69108713  .00052740  00000-0  97585-1 0  9999
2 41695  65.6209  99.6653 5461012  24.8656 353.7921  4.66439159113207
0 SL-12 DEB
1 41695U 10007M   21204.97730470  .00049669  00000-0  93040-1 0  9990
2 41695  65.6217  99.1437 5459277  24.8300 353.8093  4.66548790 12185
0 SL-12 DEB
1 41695U 10007M   21204.97730470  .00049669  00000-0  93040-1 0  9990
2 41695  65.6217  99.1437 5459277  24.8300 353.8093  4.66548790113266
0 SL-12 DEB
1 41695U 10007M   21207.12036908  .00037324  00000-0  70706-1 0  9994
2 41695  65.6089  98.2673 5457280  24.8040 353.8248  4.66710552 12287
0 SL-12 DEB
1 41695U 10007M   21207.12036908  .00037324  00000-0  70706-1 0  9994
2 41695  65.6089  98.2673 5457280  24.8040 353.8248  4.66710552113368
0 SL-12 DEB
1 41695U 10007M   21207.97739644  .00029442  00000-0  56151-1 0  9994
2 41695  65.6059  97.9172 5456433  24.7937 353.8274  4.66761668 12325
0 SL-12 DEB
1 41695U 10007M   21207.97739644  .00029442  00000-0  56151-1 0  9994
2 41695  65.6059  97.9172 5456433  24.7937 353.8274  4.66761668113406
0 SL-12 DEB
1 41695U 10007M   21208.83432857  .00031847  00000-0  61070-1 0  9994
2 41695  65.6020  97.5668 5455661  24.7843 353.8282  4.66814378 12367
0 SL-12 DEB
1 41695U 10007M   21208.83432857  .00031847  00000-0  61070-1 0  9994
2 41695  65.6020  97.5668 5455661  24.7843 353.8282  4.66814378113448
0 SL-12 DEB
1 41695U 10007M   21209.69115730  .00035020  00000-0  67643-1 0  9996
2 41695  65.5950  97.2145 5454694  24.7797 353.8261  4.66876044 12408
0 SL-12 DEB
1 41695U 10007M   21209.69115730  .00035020  00000-0  67643-1 0  9996
2 41695  65.5950  97.2145 5454694  24.7797 353.8261  4.66876044113488
0 SL-12 DEB
1 41695U 10007M   21210.76201681  .00028309  00000-0  55216-1 0  9992
2 41695  65.5872  96.7750 5453492  24.7732 353.8228  4.66954355 12451
0 SL-12 DEB
1 41695U 10007M   21210.76201681  .00028309  00000-0  55216-1 0  9992
2 41695  65.5872  96.7750 5453492  24.7732 353.8228  4.66954355113532
0 SL-12 DEB
1 41695U 10007M   21216.75632590  .00026887  00000-0  56456-1 0  9990
2 41695  65.5295  94.3045 5445419  24.7563 353.8229  4.67281652 12739
0 SL-12 DEB
1 41695U 10007M   21216.75632590  .00026887  00000-0  56456-1 0  9990
2 41695  65.5295  94.3045 5445419  24.7563 353.8229  4.67281652113810
0 SL-12 DEB
1 41695U 10007M   21225.31312862  .00015451  00000-0  38598-1 0  9991
2 41695  65.5707  91.0854 5428859  24.6333 353.8320  4.67603505 13134
0 SL-12 DEB
1 41695U 10007M   21225.31312862  .00015451  00000-0  38598-1 0  9991
2 41695  65.5707  91.0854 5428859  24.6333 353.8320  4.67603505114215
0 SL-12 DEB
1 41695U 10007M   21226.59605370  .00012794  00000-0  34802-1 0  9992
2 41695  65.3351  90.5292 5421059  24.7429 353.7791  4.67694660 13198
0 SL-12 DEB
1 41695U 10007M   21226.59605370  .00012794  00000-0  34802-1 0  9992
2 41695  65.3351  90.5292 5421059  24.7429 353.7791  4.67694660114279
0 SL-12 DEB
1 41695U 10007M   21250.58977762  .00003038  00000-0  13329-1 0  9997
2 41695  64.8740  78.6701 5358804   3.2547 359.2096  4.70128818115391
0 SL-12 DEB
1 41695U 10007M   21250.58977762  .00003038  00000-0  13329-1 0  9997
2 41695  64.8740  78.6701 5358804   3.2547 359.2096  4.70128818115391
0 SL-12 DEB
1 41695U 10007M   21252.07872221  .00002981  00000-0  13488-1 0  9999
2 41695  64.8444  78.0364 5355839   3.2379 359.2007  4.70136645115466
0 SL-12 DEB
1 41695U 10007M   21252.50413839  .00003239  00000-0  14669-1 0  9992
2 41695  64.8445  77.8600 5355805   3.2238 359.2014  4.70137544115483
0 SL-12 DEB
1 41695U 10007M   21255.05654134  .00003490  00000-0  16396-1 0  9998
2 41695  64.8222  76.8044 5351890   3.1129 359.2200  4.70155409115606
0 SL-12 DEB
1 41695U 10007M   21255.48199291 -.00015882  00000-0 -74758-1 0  9999
2 41695  64.8247  76.6282 5352362   3.1005 359.2235  4.70091678115620
0 SL-12 DEB
1 41695U 10007M   21255.48199291 -.00015882  00000-0 -74758-1 0  9999
2 41695  64.8247  76.6282 5352362   3.1005 359.2235  4.70091678115620
0 SL-12 DEB
1 41695U 10007M   22012.10517138  .00015000  00000-0  12381+0 0  9996
2 41695  64.2478  28.4576 5301042  16.9363 355.6034  4.68562289    10
0 SL-12 DEB
1 41695U 10007M   22012.10517138  .00015000  00000-0  12381+0 0  9996
2 41695  64.2478  28.4576 5301042  16.9363 355.6034  4.68562289121339
0 SL-12 DEB
1 41695U 10007M   22016.58619763  .00009088  00000-0  61193-1 0  9995
2 41695  64.3455  26.6376 5323406  16.6737 355.6997  4.68749570   225
0 SL-12 DEB
1 41695U 10007M   22016.58619763  .00009088  00000-0  61193-1 0  9995
2 41695  64.3455  26.6376 5323406  16.6737 355.6997  4.68749570121544
0 SL-12 DEB
1 41695U 10007M   22018.29297424  .00011849  00000-0  77560-1 0  9994
2 41695  64.3574  25.9452 5326352  16.7112 355.6819  4.68781381   303
0 SL-12 DEB
1 41695U 10007M   22018.29297424  .00011849  00000-0  77560-1 0  9994
2 41695  64.3574  25.9452 5326352  16.7112 355.6819  4.68781381121622
0 SL-12 DEB
1 41695U 10007M   22019.99942681  .00009475  00000-0  57803-1 0  9994
2 41695  64.3887  25.2495 5333747  16.6411 355.6980  4.68852267   386
0 SL-12 DEB
1 41695U 10007M   22019.99942681  .00009475  00000-0  57803-1 0  9994
2 41695  64.3887  25.2495 5333747  16.6411 355.6980  4.68852267121706
0 SL-12 DEB
1 41695U 10007M   22021.27915240  .00000692  00000-0  41284-2 0  9998
2 41695  64.4177  24.7285 5339310  16.5985 355.7095  4.68866477121769
0 SL-12 DEB
1 41695U 10007M   22021.49243425  .00000308  00000-0  18909-2 0  9993
2 41695  64.4084  24.6384 5340164  16.5937 355.7110  4.68870327   450
0 SL-12 DEB
1 41695U 10007M   22021.49243425  .00000308  00000-0  18909-2 0  9993
2 41695  64.4084  24.6384 5340164  16.5937 355.7110  4.68870327121779
0 SL-12 DEB
1 41695U 10007M   22022.98536012  .00003466  00000-0  18727-1 0  9990
2 41695  64.4339  24.0269 5346771  16.5403 355.7306  4.68901865   524
0 SL-12 DEB
1 41695U 10007M   22022.98536012  .00003466  00000-0  18727-1 0  9990
2 41695  64.4339  24.0269 5346771  16.5403 355.7306  4.68901865121843
0 SL-12 DEB
1 41695U 10007M   22024.26493209  .00001709  00000-0  87707-2 0  9996
2 41695  64.4663  23.5062 5352124  16.5064 355.7478  4.68927695   586
0 SL-12 DEB
1 41695U 10007M   22024.26493209  .00001709  00000-0  87707-2 0  9996
2 41695  64.4663  23.5062 5352124  16.5064 355.7478  4.68927695121906
0 SL-12 DEB
1 41695U 10007M   22025.11794531  .00010675  00000-0  52106-1 0  9999
2 41695  64.4805  23.1554 5356614  16.4730 355.7646  4.68947319   620
0 SL-12 DEB
1 41695U 10007M   22025.11794531  .00010675  00000-0  52106-1 0  9999
2 41695  64.4805  23.1554 5356614  16.4730 355.7646  4.68947319121949
0 SL-12 DEB
1 41695U 10007M   22027.03705189  .00006640  00000-0  29621-1 0  9996
2 41695  64.5153  22.3682 5365312  16.4157 355.7940  4.69010121   718
0 SL-12 DEB
1 41695U 10007M   22027.03705189  .00006640  00000-0  29621-1 0  9996
2 41695  64.5153  22.3682 5365312  16.4157 355.7940  4.69010121122038
0 SL-12 DEB
1 41695U 10007M   22028.95589462  .00008683  00000-0  35304-1 0  9996
2 41695  64.5495  21.5785 5374126  16.3672 355.8123  4.69075267122122
0 SL-12 DEB
1 41695U 10007M   22029.38225801  .00021121  00000-0  84108-1 0  9996
2 41695  64.5568  21.4028 5375924  16.3563 355.8147  4.69102154   822
0 SL-12 DEB
1 41695U 10007M   22029.38225801  .00021121  00000-0  84108-1 0  9996
2 41695  64.5568  21.4028 5375924  16.3563 355.8147  4.69102154122142
0 SL-12 DEB
1 41695U 10007M   22030.23492719  .00016396  00000-0  62712-1 0  9991
2 41695  64.5714  21.0517 5379623  16.3334 355.8186  4.69141670122183
0 SL-12 DEB
1 41695U 10007M   22030.44808732  .00016856  00000-0  63503-1 0  9990
2 41695  64.5765  20.9636 5381011  16.3245 355.8208  4.69152052   876
0 SL-12 DEB
1 41695U 10007M   22030.44808732  .00016856  00000-0  63503-1 0  9990
2 41695  64.5765  20.9636 5381011  16.3245 355.8208  4.69152052122196
0 SL-12 DEB
1 41695U 10007M   22032.57930669  .00049265  00000-0  16782+0 0  9996
2 41695  64.6120  20.0844 5389467  16.2694 355.8271  4.69299386   977
0 SL-12 DEB
1 41695U 10007M   22032.57930669  .00049265  00000-0  16782+0 0  9996
2 41695  64.6120  20.0844 5389467  16.2694 355.8271  4.69299386122297
0 SL-12 DEB
1 41695U 10007M   22033.21854162  .00039037  00000-0  12892+0 0  9995
2 41695  64.6223  19.8205 5392085  16.2539 355.8302  4.69341879122320
0 SL-12 DEB
1 41695U 10007M   22035.34877231  .00068581  00000-0  20488+0 0  9999
2 41695  64.6547  18.9377 5399584  16.2056 355.8464  4.69571976122427
0 SL-12 DEB
1 41695U 10007M   22037.05197823  .00071412  00000-0  19311+0 0  9991
2 41695  64.6848  18.2314 5406557  16.1656 355.8691  4.69839406  1185
0 SL-12 DEB
1 41695U 10007M   22037.05197823  .00071412  00000-0  19311+0 0  9991
2 41695  64.6848  18.2314 5406557  16.1656 355.8691  4.69839406122505
0 SL-12 DEB
1 41695U 10007M   22038.32878339  .00068515  00000-0  17291+0 0  9995
2 41695  64.7073  17.7006 5411221  16.1458 355.8843  4.70029294  1246
0 SL-12 DEB
1 41695U 10007M   22038.75427672  .00065219  00000-0  16042+0 0  9993
2 41695  64.7159  17.5232 5413009  16.1398 355.8895  4.70088035  1266
0 SL-12 DEB
1 41695U 10007M   22038.75427672  .00065219  00000-0  16042+0 0  9993
2 41695  64.7159  17.5232 5413009  16.1398 355.8895  4.70088035122585
0 SL-12 DEB
1 41695U 10007M   22040.03037246  .00083256  00000-0  19098+0 0  9996
2 41695  64.7370  16.9906 5417438  16.1149 355.9042  4.70298236122643
0 SL-12 DEB
1 41695U 10007M   22044.91447456  .00144582  00000-0  25346+0 0  9998
2 41695  64.8096  14.9439 5429666  16.0342 355.9252  4.71689273  1553
0 SL-12 DEB
1 41695U 10007M   22044.91447456  .00144582  00000-0  25346+0 0  9998
2 41695  64.8096  14.9439 5429666  16.0342 355.9252  4.71689273122872
0 SL-12 DEB
1 41695U 10007M   22046.18592135  .00142726  00000-0  23473+0 0  9991
2 41695  64.8256  14.4064 5431753  16.0219 355.9237  4.72110254  1612
0 SL-12 DEB
1 41695U 10007M   22046.18592135  .00142726  00000-0  23473+0 0  9991
2 41695  64.8256  14.4064 5431753  16.0219 355.9237  4.72110254122931
0 SL-12 DEB
1 41695U 10007M   22048.30238445  .00207466  00000-0  29936+0 0  9991
2 41695  64.8514  13.5105 5436001  16.0075 355.9258  4.72936688  1717
0 SL-12 DEB
1 41695U 10007M   22048.30238445  .00207466  00000-0  29936+0 0  9991
2 41695  64.8514  13.5105 5436001  16.0075 355.9258  4.72936688123037
0 SL-12 DEB
1 41695U 10007M   22049.99275093  .00234438  00000-0  30811+0 0  9990
2 41695  64.8723  12.7911 5438007  15.9898 355.9344  4.73650965  1790
0 SL-12 DEB
1 41695U 10007M   22049.99275093  .00234438  00000-0  30811+0 0  9990
2 41695  64.8723  12.7911 5438007  15.9898 355.9344  4.73650965123111
0 SL-12 DEB
1 41695U 10007M   22052.94348583  .00354923  00000-0  38985+0 0  9996
2 41695  64.9069  11.5274 5439504  15.9670 355.9548  4.75312468  1931
0 SL-12 DEB
1 41695U 10007M   22052.94348583  .00354923  00000-0  38985+0 0  9996
2 41695  64.9069  11.5274 5439504  15.9670 355.9548  4.75312468123251
0 SL-12 DEB
1 41695U 10007M   22055.46319286  .00387119  00000-0  36251+0 0  9991
2 41695  64.9364  10.4404 5437275  15.9526 355.9574  4.77265383  2053
0 SL-12 DEB
1 41695U 10007M   22055.46319286  .00387119  00000-0  36251+0 0  9991
2 41695  64.9364  10.4404 5437275  15.9526 355.9574  4.77265383123372
0 SL-12 DEB
1 41695U 10007M   22056.92805351  .00445060  00000-0  38531+0 0  9999
2 41695  64.9540   9.8029 5434142  15.9556 355.9458  4.78515873  2129
0 SL-12 DEB
1 41695U 10007M   22056.92805351  .00445060  00000-0  38531+0 0  9999
2 41695  64.9540   9.8029 5434142  15.9556 355.9458  4.78515873123448
0 SL-12 DEB
1 41695U 10007M   22059.01339046  .00492921  00000-0  95794+0 0  9997
2 41695  64.9942   9.0470 5362202  17.9151 355.3172  4.80503168  2222
0 SL-12 DEB
1 41695U 10007M   22059.01339046  .00492921  00000-0  95794+0 0  9997
2 41695  64.9942   9.0470 5362202  17.9151 355.3172  4.80503168123541
0 SL-12 DEB
1 41695U 10007M   22059.01345540  .00374797  00000-0  48886+0 0  9993
2 41695  64.9727   8.9305 5394481  17.0354 355.5978  4.80270489  2221
0 SL-12 DEB
1 41695U 10007M   22059.01345540  .00374797  00000-0  48886+0 0  9993
2 41695  64.9727   8.9305 5394481  17.0354 355.5978  4.80270489123540
