0 TBA - TO BE ASSIGNED
1 28572U 89101V   05029.58636658  .00001933  00000-0  66607-2 0  9999
2 28572 046.5440 104.6218 6664225 151.7777 271.2681 02.94758440 92918
0 SL-12 DEB
1 28572U 89101V   05061.44438091  .00000253  00000-0  88983-3 0  9997
2 28572 046.7116 092.7121 6653254 163.4212 235.4161 02.94750952 93853
0 SL-12 DEB
1 28572U 89101V   05072.29175865 -.00000268  00000-0 -11479-2 0  9992
2 28572 047.2080 088.0787 6643499 167.1225 225.5522 02.94745241 94172
0 SL-12 DEB
1 28572U 89101V   05076.35930959  .00002350  00000-0  10118-1 0  9996
2 28572 046.7117 087.3098 6651992 168.9944 221.4914 02.94759725 94293
0 SL-12 DEB
1 28572U 89101V   05077.37453791  .00002324  00000-0  84444-2 0  9998
2 28572 046.7980 086.8051 6661129 170.0391 218.7144 02.94764229 94320
0 SL-12 DEB
1 28572U 89101V   05087.19817314  .00000055  00000-0  28216-3 0  9999
2 28572 047.0600 082.8473 6671169 174.4552 202.4073 02.94751087 94610
0 SL-12 DEB
1 28572U 89101V   05091.26281818  .00002509  00000-0  12298-1 0  9993
2 28572 046.7228 081.8937 6643224 174.0890 195.5226 02.94755730 94732
0 SL-12 DEB
1 28572U 89101V   05092.28539721  .00000110  00000-0  17425-3 0  9990
2 28572 046.7745 081.4567 6653956 174.9752 200.5306 02.94749850 94765
0 SL-12 DEB
1 28572U 89101V   05102.11028043  .00000048  00000-0  58502-3 0  9995
2 28572 046.7891 077.8452 6657863 178.9419 185.6390 02.94752075 95056
0 SL-12 DEB
1 28572U 89101V   05104.14190458 -.00001174  00000-0 -50919-2 0  9996
2 28572 046.7128 077.2369 6649869 179.2275 181.3498 02.94736793 95119
0 SL-12 DEB
1 28572U 89101V   05105.16009887  .00002091  00000-0  10597-1 0  9998
2 28572 046.7373 076.8352 6643164 179.2954 181.7701 02.94745956 95149
0 SL-12 DEB
1 28572U 89101V   05106.17762070 -.00000073  00000-0 -32008-3 0  9993
2 28572 046.7935 076.3933 6637119 179.3134 181.5178 02.94747561 95170
0 SL-12 DEB
1 28572U 89101V   05107.19532741 -.00000041  00000-0 -13181-3 0  9992
2 28572 046.8126 075.9977 6636221 179.7089 181.3981 02.94748229 95208
0 SL-12 DEB
1 28572U 89101V   05108.21177125 -.00000004  00000-0  14573-3 0  9991
2 28572 046.8384 075.5935 6634528 180.0675 179.9520 02.94749362 95232
0 SL-12 DEB
1 28572U 89101V   05109.22833029 -.00000017  00000-0  16527-3 0  9990
2 28572 046.8401 075.2271 6634610 180.4568 178.6143 02.94749518 95262
0 SL-12 DEB
1 28572U 89101V   05119.05492948  .00000139  00000-0  10355-2 0  9999
2 28572 046.8599 071.6471 6631974 184.0316 165.5526 02.94751875 95554
0 SL-12 DEB
1 28572U 89101V   05120.07127303 -.00000002  00000-0  22925-3 0  9990
2 28572 046.8707 071.2613 6630168 184.3291 163.9714 02.94749578 95589
0 SL-12 DEB
1 28572U 89101V   05121.08810122 -.00000053  00000-0  17481-4 0  9998
2 28572 046.8700 070.8928 6630718 184.7439 162.9047 02.94748939 95617
0 SL-12 DEB
1 28572U 89101V   05122.10451368 -.00000116  00000-0 -21585-3 0  9995
2 28572 046.8753 070.5176 6629976 185.0552 161.4145 02.94748232 95643
0 SL-12 DEB
1 28572U 89101V   05123.12127280 -.00000113  00000-0 -44017-5 0  9995
2 28572 046.8666 070.1587 6632134 185.5418 160.2775 02.94748908 95673
0 SL-12 DEB
1 28572U 89101V   05137.01445788 -.00000135  00000-0  43943-4 0  9993
2 28572 046.8367 065.1539 6633745 190.7090 142.2272 02.94749695 96087
0 SL-12 DEB
1 28572U 89101V   05138.03033138 -.00000149  00000-0  75600-4 0  9998
2 28572 046.8319 064.7921 6634454 191.1010 140.1621 02.94749836 96115
0 SL-12 DEB
1 28572U 89101V   05139.04687236 -.00000129  00000-0  27200-3 0  9994
2 28572 046.8305 064.4250 6635023 191.4969 138.8132 02.94750629 96147
0 SL-12 DEB
1 28572U 89101V   05140.06339759 -.00000110  00000-0  41971-3 0  9993
2 28572 046.8300 064.0564 6635387 191.8955 137.4481 02.94751328 96170
0 SL-12 DEB
1 28572U 89101V   05141.07992056 -.00000104  00000-0  43543-3 0  9990
2 28572 046.8319 063.6874 6635493 192.2739 136.0804 02.94751569 96207
0 SL-12 DEB
1 28572U 89101V   05148.87434925  .00000041  00000-0  10216-2 0  9990
2 28572 046.8477 060.8420 6631785 194.9497 126.8354 02.94755016 96431
0 SL-12 DEB
1 28572U 89101V   05149.89135112 +.00000006 +00000-0 +98295-3 0  9994
2 28572 046.8421 060.4805 6632268 195.3202 125.9528 02.94754498096468
0 SL-12 DEB
1 28572U 89101V   05150.90805716 -.00000117  00000-0  43895-3 0  9992
2 28572 046.8245 060.1210 6634102 195.8001 124.7114 02.94752302 96493
0 SL-12 DEB
1 28572U 89101V   05151.92447021 -.00000211  00000-0  28101-4 0  9995
2 28572 046.8529 059.7274 6629018 195.9413 123.2468 02.94751141 96520
0 SL-12 DEB
1 28572U 89101V   05152.94190288 -.00000254  00000-0 -15979-3 0  9994
2 28572 046.8642 059.3509 6626911 196.2039 122.8521 02.94750587 96551
0 SL-12 DEB
1 28572U 89101V   05153.95894686 -.00000266  00000-0 -21883-3 0  9993
2 28572 046.8672 058.9817 6626423 196.5458 122.0355 02.94750362 96588
0 SL-12 DEB
1 28572U 89101V   05154.97574690 -.00000253  00000-0 -17696-3 0  9999
2 28572 046.8662 058.6160 6626699 196.9234 120.9583 02.94750452 96610
0 SL-12 DEB
1 28572U 89101V   05155.99243966 -.00000205  00000-0  29991-4 0  9999
2 28572 046.8601 058.2545 6627603 197.3269 119.7744 02.94751199 96642
0 SL-12 DEB
1 28572U 89101V   05171.92234727  .00000079  00000-0  12273-2 0  9996
2 28572 046.8715 052.4726 6629837 203.2048 103.0495 02.94756503 97114
0 SL-12 DEB
1 28572U 89101V   05180.73471878 -.00000071  00000-0  93998-3 0  9992
2 28572 046.8725 049.2822 6633567 206.4848 093.9486 02.94756995 97374
0 SL-12 DEB
1 28572U 89101V   05182.76827414 -.00000223  00000-0 -21928-3 0  9992
2 28572 046.9086 048.5149 6623336 206.8539 091.7722 02.94753635 97437
0 SL-12 DEB
1 28572U 89101V   05183.78624654 -.00000265  00000-0 -67658-3 0  9992
2 28572 046.9098 048.1470 6622858 207.2036 091.9332 02.94752240 97461
0 SL-12 DEB
1 28572U 89101V   05184.80326534 -.00000252  00000-0 -65847-3 0  9996
2 28572 046.8897 047.7864 6628160 207.7723 091.0437 02.94751489 97493
0 SL-12 DEB
1 28572U 89101V   05185.81973116 -.00000227 +00000-0 -65574-3 0  9991
2 28572 046.8905 047.4187 6628164 208.1337 089.6158 02.94751298097523
0 SL-12 DEB
1 28572U 89101V   05201.75360424  .00000307  00000-0  22614-2 0  9999
2 28572 046.9198 041.6416 6627245 213.6545 077.3482 02.94761894 97998
0 SL-12 DEB
1 28572U 89101V   05219.72243970  .00001621  00000-0  15346-1 0  9994
2 28572 046.8745 035.2329 6603634 219.5757 064.4474 02.94769512 98526
0 SL-12 DEB
1 28572U 89101V   05230.57356935 -.00001079  00000-0 -76225-2 0  9999
2 28572 046.8267 031.3745 6619647 223.7069 058.8857 02.94742404 98846
0 SL-12 DEB
1 28572U 89101V   05230.57356935 -.00001079 +00000-0 -76225-2 0  9999
2 28572 046.8267 031.3745 6619647 223.7069 058.8857 02.94742404098846
0 SL-12 DEB
1 28572U 89101V   06327.87186993  .00000472  00000-0  10926-2 0  9995
2 28572 046.5226 222.2496 6676626 030.2732 355.3895 02.94832524112476
0 SL-12 DEB
1 28572U 89101V   06334.99405374 -.00000346  00000-0 -78161-3 0  9991
2 28572 046.4961 219.5754 6677516 033.0666 354.7455 02.94825826112688
0 SL-12 DEB
1 28572U 89101V   06338.04670782  .00001054  00000-0  27144-2 0  9997
2 28572 046.4907 218.4381 6678270 034.1795 354.9687 02.94843367112774
0 SL-12 DEB
1 28572U 89101V   06339.74222811 +.00000678 +00000-0 +16051-2 0  9997
2 28572 046.4910 217.8013 6678940 034.8199 354.6546 02.94844102112827
0 SL-12 DEB
1 28572U 89101V   06340.08136901  .00000679  00000-0  15993-2 0  9995
2 28572 046.4905 217.6739 6679070 034.9462 354.6333 02.94844503112833
0 SL-12 DEB
1 28572U 89101V   06340.75965004 +.00000512 +00000-0 +11600-2 0  9990
2 28572 046.4899 217.4196 6679268 035.2004 354.5882 02.94844470112858
0 SL-12 DEB
1 28572U 89101V   06341.09879295 +.00000510 +00000-0 +11559-2 0  9995
2 28572 046.4891 217.2916 6679401 035.3262 354.5696 02.94844757112866
0 SL-12 DEB
1 28572U 89101V   06342.79449421  .00000206  00000-0  44849-3 0  9998
2 28572 046.4882 216.6568 6680009 035.9598 354.4518 02.94844014112910
0 SL-12 DEB
1 28572U 89101V   06343.81191993 -.00000175 +00000-0 -44685-3 0  9995
2 28572 046.4856 216.2730 6680512 036.3466 354.3795 02.94842159112943
0 SL-12 DEB
1 28572U 89101V   06349.91653107 -.00000170  00000-0 -38762-3 0  9996
2 28572 046.4794 213.9768 6682908 038.6168 354.0078 02.94840080113127
0 SL-12 DEB
1 28572U 89101V   06351.95141250  .00000716  00000-0  15082-2 0  9997
2 28572 046.4600 213.2150 6683699 039.3554 353.9748 02.94851072113187
0 SL-12 DEB
1 28572U 89101V   06355.00350728  .00001152  00000-0  22866-2 0  9992
2 28572 046.4684 212.0568 6684799 040.4973 353.7200 02.94857971113274
0 SL-12 DEB
1 28572U 89101V   06355.68172809 +.00000780 +00000-0 +14235-2 0  9995
2 28572 046.4685 211.8020 6684973 040.7481 353.6428 02.94857410113297
0 SL-12 DEB
1 28572U 89101V   06356.69909982 +.00000660 +00000-0 +11727-2 0  9997
2 28572 046.4672 211.4179 6685490 041.1266 353.5726 02.94857946113323
0 SL-12 DEB
1 28572U 89101V   06357.71646671 +.00000501 +00000-0 +87466-3 0  9992
2 28572 046.4662 211.0363 6685617 041.5118 353.4956 02.94858027113352
0 SL-12 DEB
1 28572U 89101V   06358.05559200 +.00000491 +00000-0 +87335-3 0  9994
2 28572 046.4657 210.9083 6685752 041.6377 353.4749 02.94858279113361
0 SL-12 DEB
1 28572U 89101V   06358.73383359  .00000172  00000-0  19434-3 0  9990
2 28572 046.4665 210.6539 6686229 041.8928 353.4121 02.94856703113383
0 SL-12 DEB
1 28572U 89101V   06359.75121482 -.00000295 +00000-0 -79528-3 0  9998
2 28572 046.4625 210.2676 6686463 042.2866 353.3346 02.94853940113415
0 SL-12 DEB
1 28572U 89101V   07001.87297546 -.00000156  00000-0 -69312-3 0  9997
2 28572 046.4554 207.5805 6689279 044.9484 352.8726 02.94849296113620
0 SL-12 DEB
1 28572U 89101V   07005.60324526  .00000718  00000-0  12376-2 0  9990
2 28572 046.4425 206.1586 6691046 046.3173 352.5934 02.94863613113733
0 SL-12 DEB
1 28572U 89101V   07005.94235373  .00001136  00000-0  21035-2 0  9995
2 28572 046.4421 206.0308 6691171 046.4543 352.5621 02.94865637113743
0 SL-12 DEB
1 28572U 89101V   07006.62057338 +.00000905 +00000-0 +16656-2 0  9990
2 28572 046.4416 205.7744 6691481 046.7052 352.5054 02.94865961113761
0 SL-12 DEB
1 28572U 89101V   07006.95968776 +.00000896 +00000-0 +16622-2 0  9995
2 28572 046.4405 205.6453 6691609 046.8319 352.4833 02.94866517113777
0 SL-12 DEB
1 28572U 89101V   07007.97701793  .00000128  00000-0  16487-3 0  9990
2 28572 046.4391 205.2608 6691989 047.2230 352.3968 02.94865419113809
0 SL-12 DEB
1 28572U 89101V   07008.65525081 -.00000140 +00000-0 -35072-3 0  9997
2 28572 046.4385 205.0056 6692132 047.4823 352.3501 02.94864398113828
0 SL-12 DEB
1 28572U 89101V   07009.67259722 -.00000324 +00000-0 -70472-3 0  9993
2 28572 046.4370 204.6207 6692580 047.8630 352.2746 02.94862958113855
0 SL-12 DEB
1 28572U 89101V   07010.68995236 -.00000388  00000-0 -84868-3 0  9997
2 28572 046.4353 204.2357 6692978 048.2431 352.2046 02.94861677113886
0 SL-12 DEB
1 28572U 89101V   07018.48973445 -.00000057  00000-0 -54733-3 0  9992
2 28572 046.4289 201.2843 6695841 051.1616 351.6907 02.94857789114116
0 SL-12 DEB
1 28572U 89101V   07019.84615366  .00001607  00000-0  25652-2 0  9995
2 28572 046.4102 200.7749 6696031 051.6571 351.5729 02.94869818114157
0 SL-12 DEB
1 28572U 89101V   07020.52431026 +.00001095 +00000-0 +16586-2 0  9998
2 28572 046.4137 200.5124 6696334 051.9139 351.4601 02.94870219114176
0 SL-12 DEB
1 28572U 89101V   07020.86341664  .00001096  00000-0  16741-2 0  9997
2 28572 046.4124 200.3832 6696458 052.0426 351.4348 02.94870867114182
0 SL-12 DEB
1 28572U 89101V   07021.88072323 +.00000976 +00000-0 +14890-2 0  9992
2 28572 046.4162 199.9910 6696913 052.4228 351.3498 02.94872278114211
0 SL-12 DEB
1 28572U 89101V   07022.55892756  .00000788  00000-0  11687-2 0  9999
2 28572 046.4155 199.7357 6697008 052.6796 351.2933 02.94872631114232
0 SL-12 DEB
1 28572U 89101V   07023.57623367  .00000504  00000-0  65838-3 0  9996
2 28572 046.4157 199.3510 6697385 053.0645 351.2086 02.94872637114265
0 SL-12 DEB
1 28572U 89101V   07024.59354539 +.00000404 +00000-0 +45376-3 0  9995
2 28572 046.4141 198.9653 6697655 053.4524 351.1309 02.94872763114291
0 SL-12 DEB
1 28572U 89101V   07025.61085500  .00000006  00000-0 -29021-3 0  9996
2 28572 046.4100 198.5759 6698090 053.8366 351.0411 02.94870614114321
0 SL-12 DEB
1 28572U 89101V   07026.62818390 -.00000126  00000-0 -56510-3 0  9996
2 28572 046.4105 198.1922 6698438 054.2357 350.9643 02.94868962114356
0 SL-12 DEB
1 28572U 89101V   07033.74945342 -.00000228  00000-0 -57410-3 0  9998
2 28572 046.3993 195.4802 6700822 056.9121 350.3706 02.94863811114561
0 SL-12 DEB
1 28572U 89101V   07036.80146711  .00000999  00000-0  14849-2 0  9992
2 28572 046.3890 194.3273 6701909 058.0290 350.2444 02.94876603114655
0 SL-12 DEB
1 28572U 89101V   07037.47954990 +.00000936 +00000-0 +13658-2 0  9990
2 28572 046.3904 194.0670 6702191 058.2826 350.0729 02.94877571114671
0 SL-12 DEB
1 28572U 89101V   07038.49683529 +.00000841 +00000-0 +11748-2 0  9993
2 28572 046.3896 193.6802 6702412 058.6675 349.9898 02.94878798114705
0 SL-12 DEB
1 28572U 89101V   07038.83593042  .00000849  00000-0  11690-2 0  9995
2 28572 046.3891 193.5511 6702498 058.7954 349.9635 02.94879291114710
0 SL-12 DEB
1 28572U 89101V   07039.85320908 +.00000596 +00000-0 +70916-3 0  9993
2 28572 046.3876 193.1629 6702769 059.1822 349.8755 02.94879454114745
0 SL-12 DEB
1 28572U 89101V   07040.53139942  .00000399  00000-0  35857-3 0  9992
2 28572 046.3875 192.9076 6702798 059.4490 349.8185 02.94878941114762
0 SL-12 DEB
1 28572U 89101V   07041.54868278  .00000192  00000-0 -27543-4 0  9991
2 28572 046.3866 192.5198 6703164 059.8356 349.7289 02.94877768114799
0 SL-12 DEB
1 28572U 89101V   07042.56597328  .00000099  00000-0 -22063-3 0  9996
2 28572 046.3867 192.1339 6703440 060.2120 349.6453 02.94876732114821
0 SL-12 DEB
1 28572U 89101V   07050.70425560 -.00000011  00000-0 -22951-3 0  9990
2 28572 046.3773 189.0261 6705732 063.2846 348.9061 02.94873994115061
0 SL-12 DEB
1 28572U 89101V   07052.73884740  .00000930  00000-0  10845-2 0  9990
2 28572 046.3656 188.2555 6706301 064.0192 348.7262 02.94881642115121
0 SL-12 DEB
1 28572U 89101V   07053.41703654 +.00001108 +00000-0 +13089-2 0  9991
2 28572 046.3680 187.9937 6706557 064.2723 348.6824 02.94883123115144
0 SL-12 DEB
1 28572U 89101V   07054.43429117  .00000948  00000-0  10395-2 0  9991
2 28572 046.3686 187.6032 6706937 064.6551 348.5885 02.94884247115175
0 SL-12 DEB
1 28572U 89101V   07055.45154376 +.00000754 +00000-0 +74471-3 0  9997
2 28572 046.3667 187.2151 6707186 065.0458 348.4931 02.94884794115202
0 SL-12 DEB
1 28572U 89101V   07056.80787410  .00000498  00000-0  39195-3 0  9997
2 28572 046.3648 186.6979 6707428 065.5600 348.3604 02.94884781115241
0 SL-12 DEB
1 28572U 89101V   07057.48604360 +.00000304 +00000-0 +13732-3 0  9999
2 28572 046.3658 186.4400 6707675 065.8174 348.2940 02.94883940115262
0 SL-12 DEB
1 28572U 89101V   07058.50329849  .00000073  00000-0 -14394-3 0  9998
2 28572 046.3667 186.0513 6707969 066.1984 348.1918 02.94882511115292
0 SL-12 DEB
1 28572U 89101V   07066.30228849  .00000004  00000-0 -12688-3 0  9991
2 28572 046.3603 183.0653 6709810 069.1508 347.4611 02.94880965115525
0 SL-12 DEB
1 28572U 89101V   07068.67589516  .00001479  00000-0  17285-2 0  9997
2 28572 046.3480 182.1798 6709924 070.0172 347.1814 02.94888391115592
0 SL-12 DEB
1 28572U 89101V   07069.35410073  .00001221  00000-0  13486-2 0  9998
2 28572 046.3520 181.9146 6710263 070.2708 347.1690 02.94889012115612
0 SL-12 DEB
1 28572U 89101V   07070.37132934 +.00001229 +00000-0 +13276-2 0  9994
2 28572 046.3519 181.5261 6710464 070.6538 347.0713 02.94891024115646
0 SL-12 DEB
1 28572U 89101V   07071.38854514  .00000900  00000-0  88353-3 0  9995
2 28572 046.3530 181.1349 6710716 071.0374 346.9605 02.94891259115676
0 SL-12 DEB
1 28572U 89101V   07071.38854514 +.00000900 +00000-0 +88353-3 0  9995
2 28572 046.3530 181.1349 6710716 071.0374 346.9605 02.94891259115676
0 SL-12 DEB
1 28572U 89101V   07072.40576626 +.00000656 +00000-0 +57452-3 0  9998
2 28572 046.3521 180.7466 6710887 071.4258 346.8560 02.94891353115703
0 SL-12 DEB
1 28572U 89101V   07073.42298325  .00000419  00000-0  29171-3 0  9992
2 28572 046.3508 180.3552 6711138 071.8113 346.7454 02.94890815115730
0 SL-12 DEB
1 28572U 89101V   07073.76206272 +.00000406 +00000-0 +28451-3 0  9995
2 28572 046.3502 180.2243 6711169 071.9410 346.7171 02.94890930115740
0 SL-12 DEB
1 28572U 89101V   07074.44020546  .00000247  00000-0  10108-3 0  9992
2 28572 046.3511 179.9671 6711327 072.1984 346.6373 02.94890111115761
0 SL-12 DEB
1 28572U 89101V   07074.44020546 +.00000247 +00000-0 +10108-3 0  9992
2 28572 046.3511 179.9671 6711327 072.1984 346.6373 02.94890111115761
0 SL-12 DEB
1 28572U 89101V   07082.57794277  .00000001  00000-0 -25300-3 0  9993
2 28572 046.3491 176.8593 6712282 075.2888 345.6376 02.94884574116001
0 SL-12 DEB
1 28572U 89101V   07083.59530427  .00001908  00000-0  21172-2 0  9999
2 28572 046.3324 176.4725 6712900 075.6427 345.6681 02.94892067116037
0 SL-12 DEB
1 28572U 89101V   07084.61250828  .00001669  00000-0  18363-2 0  9999
2 28572 046.3394 176.0766 6713123 076.0206 345.5591 02.94894752116068
0 SL-12 DEB
1 28572U 89101V   07085.29063583 +.00001621 +00000-0 +17950-2 0  9993
2 28572 046.3412 175.8142 6713257 076.2780 345.4818 02.94896644116086
0 SL-12 DEB
1 28572U 89101V   07086.64687659  .00001340  00000-0  14999-2 0  9997
2 28572 046.3404 175.2968 6713343 076.7972 345.3205 02.94899421116121
0 SL-12 DEB
1 28572U 89101V   07087.32499530 +.00001115 +00000-0 +12446-2 0  9997
2 28572 046.3407 175.0363 6713516 077.0587 345.2407 02.94900087116145
0 SL-12 DEB
1 28572U 89101V   07088.34217065 +.00000880 +00000-0 +98386-3 0  9997
2 28572 046.3405 174.6460 6713733 077.4448 345.1225 02.94900984116173
0 SL-12 DEB
1 28572U 89101V   07089.35934529  .00000642  00000-0  71228-3 0  9992
2 28572 046.3415 174.2566 6713906 077.8421 344.9991 02.94900970116200
0 SL-12 DEB
1 28572U 89101V   07090.37652461  .00000457  00000-0  49461-3 0  9996
2 28572 046.3413 173.8673 6714035 078.2156 344.8873 02.94900917116238
0 SL-12 DEB
1 28572U 89101V   07098.51379860  .00000110  00000-0 -10142-3 0  9990
2 28572 046.3398 170.7464 6715057 081.2696 343.7155 02.94896183116478
0 SL-12 DEB
1 28572U 89101V   07099.53119330 -.00000521  00000-0 -82474-3 0  9991
2 28572 046.3320 170.3676 6715446 081.6606 343.8154 02.94900728116506
0 SL-12 DEB
1 28572U 89101V   07100.20930283  .00001531  00000-0  15657-2 0  9994
2 28572 046.3356 170.1035 6715340 081.9192 343.7394 02.94904488116522
0 SL-12 DEB
1 28572U 89101V   07101.56547861 +.00001463 +00000-0 +15018-2 0  9995
2 28572 046.3393 169.5799 6715554 082.4326 343.5528 02.94907960116563
0 SL-12 DEB
1 28572U 89101V   07102.24356642  .00001402  00000-0  14374-2 0  9993
2 28572 046.3401 169.3185 6715657 082.6907 343.4649 02.94909512116581
0 SL-12 DEB
1 28572U 89101V   07103.59973095 +.00001197 +00000-0 +12064-2 0  9994
2 28572 046.3408 168.7973 6715771 083.2079 343.2841 02.94911702116621
0 SL-12 DEB
1 28572U 89101V   07104.27781363  .00001027  00000-0  10036-2 0  9994
2 28572 046.3411 168.5362 6715932 083.4748 343.1937 02.94912070116645
0 SL-12 DEB
1 28572U 89101V   07104.61685658 +.00000970 +00000-0 +93420-3 0  9997
2 28572 046.3421 168.4071 6715945 083.5981 343.1530 02.94912357116654
0 SL-12 DEB
1 28572U 89101V   07105.29493634 +.00000734 +00000-0 +64948-3 0  9994
2 28572 046.3426 168.1451 6716220 083.8721 343.0559 02.94911813116678
0 SL-12 DEB
1 28572U 89101V   07106.31206078  .00000494  00000-0  35531-3 0  9991
2 28572 046.3424 167.7562 6716355 084.2441 342.9250 02.94911348116700
0 SL-12 DEB
1 28572U 89101V   07114.44890956  .00000406  00000-0  33299-3 0  9990
2 28572 046.3447 164.6275 6717307 087.3232 341.8046 02.94916136116949
0 SL-12 DEB
1 28572U 89101V   07115.46600517  .00001133  00000-0  11647-2 0  9995
2 28572 046.3310 164.2514 6717027 087.6835 341.4003 02.94911512116976
0 SL-12 DEB
1 28572U 89101V   07116.48336227 +.00001740 +00000-0 +18414-2 0  9995
2 28572 046.3348 163.8585 6717171 088.0662 341.5258 02.94914932117000
0 SL-12 DEB
1 28572U 89101V   07117.16142331 +.00001494 +00000-0 +15658-2 0  9995
2 28572 046.3383 163.5935 6717257 088.3240 341.4269 02.94916512117024
0 SL-12 DEB
1 28572U 89101V   07117.50045384  .00001575  00000-0  16520-2 0  9992
2 28572 046.3391 163.4630 6717313 088.4555 341.3792 02.94917738117039
0 SL-12 DEB
1 28572U 89101V   07118.51753358 +.00001499 +00000-0 +15519-2 0  9993
2 28572 046.3415 163.0696 6717428 088.8426 341.2301 02.94920400117060
0 SL-12 DEB
1 28572U 89101V   07119.53460705  .00001417  00000-0  14386-2 0  9998
2 28572 046.3427 162.6783 6717529 089.2290 341.0828 02.94922738117092
0 SL-12 DEB
1 28572U 89101V   07120.55167201  .00001320  00000-0  13047-2 0  9993
2 28572 046.3434 162.2868 6717655 089.6166 340.9328 02.94924648117125
0 SL-12 DEB
1 28572U 89101V   07120.55167201 +.00001320 +00000-0 +13047-2 0  9993
2 28572 046.3434 162.2868 6717655 089.6166 340.9328 02.94924648117125
0 SL-12 DEB
1 28572U 89101V   07121.22971006  .00001222  00000-0  11756-2 0  9990
2 28572 046.3441 162.0257 6717823 089.8791 340.8282 02.94925477117147
0 SL-12 DEB
1 28572U 89101V   07122.24676534  .00001114  00000-0  10315-2 0  9991
2 28572 046.3458 161.6339 6717932 090.2662 340.6767 02.94926821117178
0 SL-12 DEB
1 28572U 89101V   07122.24676534 +.00001114 +00000-0 +10315-2 0  9991
2 28572 046.3458 161.6339 6717932 090.2662 340.6767 02.94926821117178
0 SL-12 DEB
1 28572U 89101V   07130.38287049  .00000229  00000-0  48417-4 0  9996
2 28572 046.3520 158.5028 6718835 093.3752 338.9393 02.94921230117416
0 SL-12 DEB
1 28572U 89101V   07131.40032742  .00386021  00000-0  41683+0 0  9998
2 28572 046.3451 158.1083 6715197 093.7497 339.1788 02.95300821117446
0 SL-12 DEB
1 28572U 89101V   07132.07684578  .00004666  00000-0  46776-2 0  9995
2 28572 046.3437 157.8438 6719213 094.0077 337.4973 02.94932543117461
0 SL-12 DEB
1 28572U 89101V   07132.41735109  .00001827  00000-0  17354-2 0  9996
2 28572 046.3508 157.7124 6718396 094.1156 339.0301 02.94928895117470
0 SL-12 DEB
1 28572U 89101V   07133.43437680 +.00001773 +00000-0 +16661-2 0  9992
2 28572 046.3467 157.3283 6718282 094.5022 338.8650 02.94931960117501
0 SL-12 DEB
1 28572U 89101V   07134.11238307 +.00001699 +00000-0 +15748-2 0  9995
2 28572 046.3476 157.0665 6718344 094.7560 338.7499 02.94933741117521
0 SL-12 DEB
1 28572U 89101V   07134.45138633  .00001642  00000-0  15110-2 0  9994
2 28572 046.3478 156.9367 6718315 094.8846 338.6932 02.94934458117534
0 SL-12 DEB
1 28572U 89101V   07135.46838312 +.00001521 +00000-0 +13778-2 0  9991
2 28572 046.3488 156.5451 6718303 095.2698 338.5146 02.94936575117563
0 SL-12 DEB
1 28572U 89101V   07136.48537657 +.00001302 +00000-0 +11473-2 0  9999
2 28572 046.3497 156.1534 6718404 095.6654 338.3351 02.94937880117598
0 SL-12 DEB
1 28572U 89101V   07137.16336445  .00001263  00000-0  11135-2 0  9998
2 28572 046.3486 155.8946 6718471 095.9216 338.2131 02.94939131117619
0 SL-12 DEB
1 28572U 89101V   07137.50235881 +.00001070 +00000-0 +91179-3 0  9991
2 28572 046.3508 155.7624 6718572 096.0507 338.1490 02.94938687117626
0 SL-12 DEB
1 28572U 89101V   07138.51933961  .00000739  00000-0  58301-3 0  9998
2 28572 046.3511 155.3731 6718564 096.4312 337.9586 02.94938235117659
0 SL-12 DEB
1 28572U 89101V   07146.31604640 -.00000024  00000-0 -16142-3 0  9990
2 28572 046.3565 152.3715 6718762 099.3948 336.2759 02.94933101117880
0 SL-12 DEB
1 28572U 89101V   07146.99426203 -.00009111  00000-0 -98401-2 0  9994
2 28572 046.3489 152.1122 6718610 099.6407 336.3976 02.94932555117907
0 SL-12 DEB
1 28572U 89101V   07147.33325288  .00002560  00000-0  25484-2 0  9994
2 28572 046.3476 151.9830 6718926 099.7775 336.3348 02.94941020117916
0 SL-12 DEB
1 28572U 89101V   07148.35018871  .00002690  00000-0  26599-2 0  9996
2 28572 046.3602 151.5746 6719056 100.1638 336.1227 02.94945661117941
0 SL-12 DEB
1 28572U 89101V   07149.36712029 +.00002022 +00000-0 +19455-2 0  9996
2 28572 046.3604 151.1834 6719071 100.5471 335.9175 02.94948455117979
0 SL-12 DEB
1 28572U 89101V   07150.04507617  .00001987  00000-0  19039-2 0  9995
2 28572 046.3568 150.9279 6719031 100.8029 335.7892 02.94950834117996
0 SL-12 DEB
1 28572U 89101V   07150.38404902 +.00001889 +00000-0 +17999-2 0  9999
2 28572 046.3580 150.7970 6718994 100.9321 335.7205 02.94951612118005
0 SL-12 DEB
1 28572U 89101V   07151.40095656 +.00001748 +00000-0 +16506-2 0  9992
2 28572 046.3568 150.4087 6718905 101.3198 335.5095 02.94954217118038
0 SL-12 DEB
1 28572U 89101V   07152.07889133  .00001700  00000-0  15954-2 0  9991
2 28572 046.3569 150.1480 6718966 101.5704 335.3720 02.94956002118054
0 SL-12 DEB
1 28572U 89101V   07152.41786034 +.00001571 +00000-0 +14681-2 0  9997
2 28572 046.3559 150.0195 6718768 101.7072 335.3001 02.94956092118067
0 SL-12 DEB
1 28572U 89101V   07153.09578650  .00001476  00000-0  13651-2 0  9995
2 28572 046.3574 149.7571 6718841 101.9705 335.1562 02.94957482118080
0 SL-12 DEB
1 28572U 89101V   07153.43474807  .00001239  00000-0  11153-2 0  9994
2 28572 046.3597 149.6268 6718866 102.0950 335.0766 02.94956704118090
0 SL-12 DEB
1 28572U 89101V   07155.12956104  .00000704  00000-0  54855-3 0  9990
2 28572 046.3599 148.9755 6719077 102.7210 334.7061 02.94956092118146
0 SL-12 DEB
1 28572U 89101V   07156.14647543  .00000439  00000-0  26700-3 0  9990
2 28572 046.3612 148.5883 6719028 103.1159 334.5061 02.94955233118170
0 SL-12 DEB
1 28572U 89101V   07164.28146804  .00000107  00000-0 -92286-4 0  9994
2 28572 046.3657 145.4561 6718529 106.2201 332.5069 02.94951138118418
0 SL-12 DEB
1 28572U 89101V   07165.29850766 -.00002315  00000-0 -26161-2 0  9996
2 28572 046.3706 145.0483 6718849 106.5733 332.4751 02.94958800118443
0 SL-12 DEB
1 28572U 89101V   07165.97639613  .00002195  00000-0  21690-2 0  9993
2 28572 046.3642 144.7967 6718393 106.8509 332.3079 02.94965914118461
0 SL-12 DEB
1 28572U 89101V   07166.31530723 +.00002202 +00000-0 +21834-2 0  9993
2 28572 046.3649 144.6657 6718380 106.9803 332.1937 02.94967353118478
0 SL-12 DEB
1 28572U 89101V   07167.33212123 +.00002053 +00000-0 +20479-2 0  9995
2 28572 046.3647 144.2762 6718296 107.3672 331.9448 02.94970996118509
0 SL-12 DEB
1 28572U 89101V   07168.34891861  .00001754  00000-0  17455-2 0  9996
2 28572 046.3658 143.8837 6718236 107.7549 331.6869 02.94973426118538
0 SL-12 DEB
1 28572U 89101V   07169.02678493  .00001691  00000-0  16788-2 0  9994
2 28572 046.3654 143.6236 6718315 108.0009 331.5247 02.94975319118552
0 SL-12 DEB
1 28572U 89101V   07169.36572197  .00001423  00000-0  13989-2 0  9998
2 28572 046.3669 143.4916 6718231 108.1474 331.4376 02.94974657118562
0 SL-12 DEB
1 28572U 89101V   07170.04357927  .00001374  00000-0  13445-2 0  9999
2 28572 046.3666 143.2319 6718319 108.3931 331.2680 02.94976111118586
0 SL-12 DEB
1 28572U 89101V   07171.06036730 +.00001119 +00000-0 +10766-2 0  9998
2 28572 046.3685 142.8395 6718132 108.7687 331.0141 02.94976788118615
0 SL-12 DEB
1 28572U 89101V   07172.07715712 +.00000704 +00000-0 +62966-3 0  9993
2 28572 046.3689 142.4509 6718095 109.1572 330.7497 02.94975513118646
0 SL-12 DEB
1 28572U 89101V   07180.88902739 -.00000051  00000-0 -19606-3 0  9998
2 28572 046.3759 139.0610 6717148 112.5143 327.9573 02.94966062118900
0 SL-12 DEB
1 28572U 89101V   07181.22837980 -.00009895  00000-0 -10698-1 0  9997
2 28572 046.3838 138.9121 6718238 112.5918 328.3343 02.94967241118915
0 SL-12 DEB
1 28572U 89101V   07181.90627735  .00002110  00000-0  21435-2 0  9990
2 28572 046.3795 138.6590 6717437 112.8698 328.2058 02.94977884118930
0 SL-12 DEB
1 28572U 89101V   07182.24513297 +.00002017 +00000-0 +20207-2 0  9997
2 28572 046.3816 138.5251 6717741 113.0125 328.0460 02.94979327118943
0 SL-12 DEB
1 28572U 89101V   07183.26185700  .00001985  00000-0  19762-2 0  9991
2 28572 046.3755 138.1454 6717592 113.4003 327.7452 02.94983025118979
0 SL-12 DEB
1 28572U 89101V   07184.27857511 +.00001728 +00000-0 +16820-2 0  9996
2 28572 046.3764 137.7554 6717467 113.7869 327.4488 02.94985550119005
0 SL-12 DEB
1 28572U 89101V   07185.29527765  .00001571  00000-0  14938-2 0  9998
2 28572 046.3775 137.3642 6717424 114.1697 327.1449 02.94987750119039
0 SL-12 DEB
1 28572U 89101V   07185.97308188  .00001483  00000-0  13890-2 0  9997
2 28572 046.3782 137.1027 6717427 114.4175 326.9493 02.94988985119058
0 SL-12 DEB
1 28572U 89101V   07186.31198918 +.00001342 +00000-0 +12354-2 0  9992
2 28572 046.3786 136.9729 6717327 114.5549 326.8512 02.94988795119064
0 SL-12 DEB
1 28572U 89101V   07186.98978312 +.00001297 +00000-0 +11826-2 0  9991
2 28572 046.3778 136.7144 6717330 114.8022 326.6475 02.94989961119081
0 SL-12 DEB
1 28572U 89101V   07188.00647596  .00000866  00000-0  72290-3 0  9997
2 28572 046.3775 136.3228 6717062 115.1858 326.3303 02.94988851119118
0 SL-12 DEB
1 28572U 89101V   07189.02318061 +.00000557 +00000-0 +40020-3 0  9995
2 28572 046.3803 135.9334 6716951 115.5735 326.0245 02.94987822119149
0 SL-12 DEB
1 28572U 89101V   07194.78431893  .00000472  00000-0  42662-3 0  9993
2 28572 046.3855 133.7199 6716191 117.7569 324.2008 02.94992456119311
0 SL-12 DEB
1 28572U 89101V   07197.15648015  .00002214  00000-0  23707-2 0  9997
2 28572 046.3795 132.8114 6716168 118.6486 323.1076 02.94988928119382
0 SL-12 DEB
1 28572U 89101V   07198.17341523  .00002319  00000-0  24751-2 0  9990
2 28572 046.4112 132.3775 6716248 119.0165 323.0762 02.94993568119413
0 SL-12 DEB
1 28572U 89101V   07199.19005104  .00002205  00000-0  23632-2 0  9996
2 28572 046.3883 132.0219 6715885 119.4137 322.7300 02.94997622119448
0 SL-12 DEB
1 28572U 89101V   07199.86778717 +.00002142 +00000-0 +22946-2 0  9994
2 28572 046.3885 131.7636 6715810 119.6688 322.4879 02.95000164119467
0 SL-12 DEB
1 28572U 89101V   07200.20665919 +.00002043 +00000-0 +21838-2 0  9993
2 28572 046.3891 131.6333 6715795 119.8047 322.3708 02.95001061119478
0 SL-12 DEB
1 28572U 89101V   07200.88438920  .00002022  00000-0  21625-2 0  9998
2 28572 046.3899 131.3728 6715770 120.0490 322.1328 02.95003583119499
0 SL-12 DEB
1 28572U 89101V   07201.22326377  .00001774  00000-0  18867-2 0  9996
2 28572 046.3897 131.2442 6715725 120.1983 322.0141 02.95003315119504
0 SL-12 DEB
1 28572U 89101V   07202.23985401  .00001639  00000-0  17435-2 0  9997
2 28572 046.3902 130.8556 6715664 120.5706 321.6588 02.95006017119536
0 SL-12 DEB
1 28572U 89101V   07203.93413442  .00001154  00000-0  12223-2 0  9998
2 28572 046.3957 130.2023 6715330 121.2040 321.0252 02.95007294119583
0 SL-12 DEB
1 28572U 89101V   07204.95072761  .00000448  00000-0  42678-3 0  9999
2 28572 046.3963 129.8144 6715463 121.5947 320.6385 02.95003373119614
0 SL-12 DEB
1 28572U 89101V   07212.74430733  .00000571  00000-0  44171-3 0  9999
2 28572 046.4073 126.8229 6714129 124.5444 317.6594 02.95009307119847
0 SL-12 DEB
1 28572U 89101V   07214.77734379  .00005780  00000-0  64782-2 0  9993
2 28572 046.4098 126.0422 6714558 125.2396 316.4597 02.95013169119909
0 SL-12 DEB
1 28572U 89101V   07214.77777808  .00002704  00000-0  31123-2 0  9993
2 28572 046.4220 126.0593 6714887 125.2887 316.9039 02.95007724119901
0 SL-12 DEB
1 28572U 89101V   07215.11661414  .00002074  00000-0  21960-2 0  9995
2 28572 046.4341 125.8745 6714422 125.4356 316.7622 02.95008351119913
0 SL-12 DEB
1 28572U 89101V   07215.79424068  .00002586  00000-0  28075-2 0  9993
2 28572 046.4341 125.6145 6714407 125.6619 316.4371 02.95012179119935
0 SL-12 DEB
1 28572U 89101V   07216.13309938  .00002160  00000-0  23313-2 0  9998
2 28572 046.4371 125.4827 6714240 125.8181 316.3163 02.95012520119943
0 SL-12 DEB
1 28572U 89101V   07216.81073633  .00002148  00000-0  23479-2 0  9992
2 28572 046.4226 125.2451 6714069 126.0727 316.0038 02.95015238119960
0 SL-12 DEB
1 28572U 89101V   07217.14956614 +.00001894 +00000-0 +20581-2 0  9996
2 28572 046.4208 125.1209 6714116 126.1928 315.8604 02.95015560119972
0 SL-12 DEB
1 28572U 89101V   07218.16605021  .00001551  00000-0  16899-2 0  9999
2 28572 046.4191 124.7365 6714038 126.5719 315.4304 02.95017369120004
0 SL-12 DEB
1 28572U 89101V   07218.84370655 +.00001522 +00000-0 +16748-2 0  9997
2 28572 046.4177 124.4800 6713967 126.8141 315.1525 02.95019224120027
0 SL-12 DEB
1 28572U 89101V   07219.86017120  .00001510  00000-0  16845-2 0  9990
2 28572 046.4194 124.0899 6713768 127.1987 314.7214 02.95022146120051
0 SL-12 DEB
1 28572U 89101V   07219.86017120 +.00001510 +00000-0 +16845-2 0  9990
2 28572 046.4194 124.0899 6713768 127.1987 314.7214 02.95022146120051
0 SL-12 DEB
1 28572U 89101V   07229.00756254  .00000140  00000-0  62139-4 0  9992
2 28572 046.4450 120.5719 6711246 130.7157 309.6017 02.95011711120326
0 SL-12 DEB
1 28572U 89101V   07231.04117135  .00002456  00000-0  29391-2 0  9991
2 28572 046.4619 119.7764 6712247 131.4408 309.4221 02.95019649120381
0 SL-12 DEB
1 28572U 89101V   07232.05760512  .00002399  00000-0  28961-2 0  9994
2 28572 046.4636 119.3889 6712017 131.8583 308.9569 02.95024352120417
0 SL-12 DEB
1 28572U 89101V   07232.73514521  .00002397  00000-0  29078-2 0  9994
2 28572 046.4618 119.1342 6711854 132.1209 308.5709 02.95027551120434
0 SL-12 DEB
1 28572U 89101V   07233.07392232 +.00002242 +00000-0 +27131-2 0  9992
2 28572 046.4546 119.0178 6711884 132.2398 308.3855 02.95028319120447
0 SL-12 DEB
1 28572U 89101V   07233.75150223  .00002246  00000-0  27204-2 0  9994
2 28572 046.4673 118.7412 6711738 132.4750 308.0574 02.95031318120467
0 SL-12 DEB
1 28572U 89101V   07234.09030273  .00001989  00000-0  23881-2 0  9994
2 28572 046.4444 118.6466 6711888 132.5867 307.8945 02.95031071120473
0 SL-12 DEB
1 28572U 89101V   07234.76788984  .00001998  00000-0  23906-2 0  9995
2 28572 046.4456 118.3873 6711742 132.8143 307.5795 02.95033684120498
0 SL-12 DEB
1 28572U 89101V   07234.76796613  .00001559  00000-0  18975-2 0  9996
2 28572 046.4568 118.4034 6712440 132.8161 307.6528 02.95031729120491
0 SL-12 DEB
1 28572U 89101V   07236.80053104  .00001566  00000-0  17980-2 0  9997
2 28572 046.4535 117.6078 6711199 133.5873 306.5040 02.95037393120559
0 SL-12 DEB
1 28572U 89101V   07237.81681573 +.00001139 +00000-0 +12204-2 0  9996
2 28572 046.4553 117.2217 6711062 133.9747 305.9129 02.95036106120588
0 SL-12 DEB
1 28572U 89101V   07237.81684238  .00001099  00000-0  11700-2 0  9992
2 28572 046.4540 117.2236 6711093 133.9664 305.9392 02.95035736120587
0 SL-12 DEB
1 28572U 89101V   07237.81690000  .00001264  00000-0  14002-2 0  9998
2 28572 046.4351 117.2237 6710425 133.9615 306.0094 02.95033951120580
0 SL-12 DEB
1 28572U 89101V   07245.94689100 -.00000168  00000-0 -33010-3 0  9995
2 28572 046.4811 114.1072 6709508 137.0421 300.6787 02.95020787120823
0 SL-12 DEB
1 28572U 89101V   07246.96383633  .00003115  00000-0  39748-2 0  9996
2 28572 046.5018 113.6897 6709452 137.4294 300.7810 02.95030132120858
0 SL-12 DEB
1 28572U 89101V   07247.98005436  .00002711  00000-0  34575-2 0  9995
2 28572 046.5052 113.3000 6709172 137.8051 300.1303 02.95035133120883
0 SL-12 DEB
1 28572U 89101V   07248.99628922  .00002677  00000-0  34062-2 0  9990
2 28572 046.5083 112.9117 6708944 138.2087 299.5117 02.95040248120912
0 SL-12 DEB
1 28572U 89101V   07250.01246064  .00002479  00000-0  31356-2 0  9992
2 28572 046.5071 112.5288 6708699 138.5639 298.8446 02.95044174120949
0 SL-12 DEB
1 28572U 89101V   07250.68996353  .00002470  00000-0  31228-2 0  9997
2 28572 046.5171 112.2592 6708473 138.8452 298.4655 02.95047321120968
0 SL-12 DEB
1 28572U 89101V   07251.02864872  .00002473  00000-0  31273-2 0  9999
2 28572 046.5199 112.1271 6708363 138.9569 298.2122 02.95048902120973
0 SL-12 DEB
1 28572U 89101V   07253.73838550  .00001240  00000-0  14867-2 0  9994
2 28572 046.4771 111.1756 6707990 139.9463 296.4076 02.95049933121057
0 SL-12 DEB
1 28572U 89101V   07263.89926524 -.00000136  00000-0 -38624-3 0  9994
2 28572 046.5407 107.2443 6705634 143.8762 288.5421 02.95033464121353
0 SL-12 DEB
1 28572U 89101V   07264.91615714 -.00019739  00000-0 -28113-1 0  9993
2 28572 046.5392 106.8611 6706266 144.1620 288.6659 02.95027874121382
0 SL-12 DEB
1 28572U 89101V   07265.25501626  .00002962  00000-0  39281-2 0  9994
2 28572 046.5410 106.7330 6705995 144.2677 288.5932 02.95049884121390
0 SL-12 DEB
1 28572U 89101V   07265.25501626  .00002962  00000-0  39281-2 0  9994
2 28572 046.5410 106.7330 6705995 144.2677 288.5932 02.95049884121378
0 SL-12 DEB
1 28572U 89101V   07280.15433362  .00002823  00000-0  42052-2 0  9997
2 28572 046.5859 101.0782 6701265 149.8339 276.5578 02.95130588121832
0 SL-12 DEB
1 28572U 89101V   07287.26345658  .00003110  00000-0  51342-2 0  9998
2 28572 046.6187 098.3906 6698875 152.4216 271.1655 02.95190019122045
0 SL-12 DEB
1 28572U 89101V   07307.22642779  .00002788  00000-0  51342-2 0  9991
2 28572 046.6713 090.8191 6692054 159.8619 247.6236 02.95283655122631
0 SL-12 DEB
1 28572U 89101V   07321.43484020  .00002541  00000-0  51342-2 0  9990
2 28572 046.7102 085.4559 6687250 165.1311 231.9743 02.95341577123057
0 SL-12 DEB
1 28572U 89101V   07321.43484020 +.00002541 +00000-0 +51342-2 0  9990
2 28572 046.7102 085.4559 6687250 165.1311 231.9743 02.95341577123057
0 SL-12 DEB
1 28572U 89101V   08065.10740067 -.00000317  00000-0 -11680-2 0  9998
2 28572 046.9631 045.1093 6665533 204.6843 095.7888 02.95101452126236
0 SL-12 DEB
1 28572U 89101V   08130.71808446  .00002352  00000-0  34841-3 0  9998
2 28572 046.5031 018.7696 6769821 230.9550 049.4189 02.96211484128198
0 SL-12 DEB
1 28572U 89101V   09068.69930457 -.00000375  00000-0 -12985-2 0  9993
2 28572 046.8973 268.1457 6661521 338.6706 003.2347 02.95141221137148
0 SL-12 DEB
1 28572U 89101V   09078.52449330 -.00000006  00000-0 -19198-3 0  9996
2 28572 046.8940 264.5390 6658248 342.4534 002.5758 02.95142771137433
0 SL-12 DEB
1 28572U 89101V   09079.54093011  .00000152  00000-0  29565-3 0  9999
2 28572 046.8823 264.1702 6663602 342.5505 002.6130 02.95147960137468
0 SL-12 DEB
1 28572U 89101V   09080.55728991 -.00000055 +00000-0 -37617-3 0  9995
2 28572 046.8816 263.7964 6663756 342.9174 002.5216 02.95147318137495
0 SL-12 DEB
1 28572U 89101V   09081.57367902 -.00000172  00000-0 -68477-3 0  9997
2 28572 046.8815 263.4226 6663731 343.2948 002.4569 02.95146574137525
0 SL-12 DEB
1 28572U 89101V   09082.59006781 -.00000280 +00000-0 -92005-3 0  9999
2 28572 046.8796 263.0471 6663910 343.6655 002.3894 02.95145675137553
0 SL-12 DEB
1 28572U 89101V   09083.60645777 -.00000408  00000-0 -11948-2 0  9994
2 28572 046.8760 262.6696 6664253 344.0318 002.3188 02.95144462137582
0 SL-12 DEB
1 28572U 89101V   09084.62285245 -.00000572  00000-0 -15988-2 0  9997
2 28572 046.8738 262.2947 6664688 344.3893 002.2490 02.95142822137612
0 SL-12 DEB
1 28572U 89101V   09085.63925497 -.00000634 +00000-0 -17148-2 0  9998
2 28572 046.8718 261.9193 6664887 344.7589 002.1815 02.95141466137642
0 SL-12 DEB
1 28572U 89101V   09086.65566316 -.00000658  00000-0 -17718-2 0  9991
2 28572 046.8694 261.5429 6665116 345.1255 002.1166 02.95140181137679
0 SL-12 DEB
1 28572U 89101V   09093.43187556 -.00000283  00000-0 -10504-2 0  9990
2 28572 046.8540 259.0368 6666123 347.6086 001.8529 02.95137786137879
0 SL-12 DEB
1 28572U 89101V   09094.44819982  .00001109  00000-0  35940-2 0  9994
2 28572 046.8596 258.6922 6664815 348.0230 001.7278 02.95150560137902
0 SL-12 DEB
1 28572U 89101V   09095.46452520 -.00001478  00000-0 -46259-2 0  9994
2 28572 046.8533 258.3134 6665479 348.3711 001.5998 02.95144951137936
0 SL-12 DEB
1 28572U 89101V   09096.48093702 -.00000587  00000-0 -15247-2 0  9993
2 28572 046.8397 257.9302 6666758 348.6790 001.5722 02.95145800137969
0 SL-12 DEB
1 28572U 89101V   09097.49731195 -.00000127  00000-0  98576-4 0  9997
2 28572 046.8506 257.5672 6666073 349.0909 001.4875 02.95146729137996
0 SL-12 DEB
1 28572U 89101V   09098.51369464 -.00000253 +00000-0 -17593-3 0  9997
2 28572 046.8469 257.1899 6666444 349.4546 001.4175 02.95146283138027
0 SL-12 DEB
1 28572U 89101V   09099.53008817 -.00000370  00000-0 -48256-3 0  9992
2 28572 046.8416 256.8102 6666914 349.8176 001.3557 02.95145471138051
0 SL-12 DEB
1 28572U 89101V   09100.54649088 -.00000473  00000-0 -79828-3 0  9990
2 28572 046.8351 256.4284 6667780 350.1641 001.3008 02.95144275138085
0 SL-12 DEB
1 28572U 89101V   09101.56290394 -.00000517  00000-0 -98895-3 0  9999
2 28572 046.8288 256.0463 6668664 350.5098 001.2529 02.95143077138111
0 SL-12 DEB
1 28572U 89101V   09102.57932397 -.00000551  00000-0 -11828-2 0  9995
2 28572 046.8213 255.6624 6669561 350.8592 001.2054 02.95141605138143
0 SL-12 DEB
1 28572U 89101V   09103.59575260 -.00000676  00000-0 -17285-2 0  9991
2 28572 046.8310 255.3037 6668673 351.2650 001.1529 02.95139387138172
0 SL-12 DEB
1 28572U 89101V   09111.38843646 -.00000378  00000-0 -67166-3 0  9996
2 28572 046.8139 252.4192 6668610 354.2136 000.9255 02.95139305138403
0 SL-12 DEB
1 28572U 89101V   09112.40466561  .00000361  00000-0  16817-2 0  9993
2 28572 046.8355 252.0771 6668022 354.5232 000.7041 02.95147268138430
0 SL-12 DEB
1 28572U 89101V   09113.42102649 -.00000124 +00000-0 +22138-3 0  9992
2 28572 046.8248 251.6938 6668111 354.8982 000.6152 02.95147040138468
0 SL-12 DEB
1 28572U 89101V   09114.43742106 -.00000262  00000-0 -23700-3 0  9992
2 28572 046.8190 251.3146 6668401 355.2668 000.5608 02.95146583138499
0 SL-12 DEB
1 28572U 89101V   09115.45382162 -.00000352 +00000-0 -59907-3 0  9995
2 28572 046.8137 250.9337 6668813 355.6353 000.5096 02.95145767138527
0 SL-12 DEB
1 28572U 89101V   09116.47023018 -.00000441  00000-0 -98424-3 0  9996
2 28572 046.8077 250.5515 6669635 355.9853 000.4641 02.95144480138554
0 SL-12 DEB
1 28572U 89101V   09117.48664775 -.00000520  00000-0 -13280-2 0  9993
2 28572 046.8006 250.1672 6670703 356.3251 000.4231 02.95142822138587
0 SL-12 DEB
1 28572U 89101V   09118.50307284 -.00000591  00000-0 -16066-2 0  9999
2 28572 046.7931 249.7818 6671907 356.6583 000.3833 02.95140895138616
0 SL-12 DEB
1 28572U 89101V   09119.51950359 -.00000599  00000-0 -16622-2 0  9994
2 28572 046.7892 249.4015 6672478 357.0180 000.3438 02.95139485138647
0 SL-12 DEB
1 28572U 89101V   09127.31215628 -.00000122  00000-0  43551-3 0  9997
2 28572 046.7920 246.5382 6671688 359.9810 000.0353 02.95141243138870
0 SL-12 DEB
1 28572U 89101V   09128.32844332 -.00005458  00000-0 -14793-1 0  9991
2 28572 046.7776 246.1501 6672254 000.3418 359.8664 02.95140434138904
0 SL-12 DEB
1 28572U 89101V   09129.34487158  .00000296  00000-0  14409-2 0  9991
2 28572 046.7631 245.7619 6673156 000.6613 359.8577 02.95147341138931
0 SL-12 DEB
1 28572U 89101V   09130.36123241  .00000111  00000-0  79756-3 0  9998
2 28572 046.7745 245.3947 6672894 001.0717 359.7614 02.95147243138960
0 SL-12 DEB
1 28572U 89101V   09131.37764042  .00000021  00000-0  41549-3 0  9999
2 28572 046.7698 245.0136 6673430 001.4265 359.7258 02.95147156138993
0 SL-12 DEB
1 28572U 89101V   09132.39404460 -.00000065  00000-0  72043-4 0  9990
2 28572 046.7664 244.6328 6673864 001.7912 359.6828 02.95146682139027
0 SL-12 DEB
1 28572U 89101V   09133.41044951 -.00000239  00000-0 -47364-3 0  9990
2 28572 046.7683 244.2604 6673734 002.1770 359.6319 02.95145418139058
0 SL-12 DEB
1 28572U 89101V   09134.42685946 -.00000360 +00000-0 -81657-3 0  9995
2 28572 046.7714 243.8893 6673779 002.5527 359.5819 02.95144005139089
0 SL-12 DEB
1 28572U 89101V   09135.44327235 -.00000501  00000-0 -11651-2 0  9995
2 28572 046.7782 243.5231 6673719 002.9267 359.5268 02.95142160139118
0 SL-12 DEB
1 28572U 89101V   09136.45969204 -.00000595  00000-0 -13234-2 0  9997
2 28572 046.7801 243.1492 6674359 003.2797 359.4780 02.95140590139144
0 SL-12 DEB
1 28572U 89101V   09145.26878532 -.00000296  00000-0 -68781-3 0  9995
2 28572 046.7569 239.8532 6676106 006.6066 359.1787 02.95137928139404
0 SL-12 DEB
1 28572U 89101V   09146.28508210  .00061264  00000-0  15842+0 0  9997
2 28572 046.7432 239.4593 6676615 006.8797 359.0374 02.95208544139431
0 SL-12 DEB
1 28572U 89101V   09147.30102128  .00000378  00000-0  96381-3 0  9999
2 28572 046.7384 239.0760 6677938 007.2280 358.5049 02.95147250139462
0 SL-12 DEB
1 28572U 89101V   09148.31783950 +.00000219 +00000-0 +61453-3 0  9995
2 28572 046.7404 238.7013 6678210 007.5959 358.9045 02.95147436139491
0 SL-12 DEB
1 28572U 89101V   09149.33422759 -.00000025  00000-0  10957-3 0  9994
2 28572 046.7399 238.3233 6678520 007.9638 358.8455 02.95146848139520
0 SL-12 DEB
1 28572U 89101V   09150.35061790 -.00000224 +00000-0 -25032-3 0  9994
2 28572 046.7395 237.9457 6678657 008.3466 358.7824 02.95145925139551
0 SL-12 DEB
1 28572U 89101V   09151.36701292 -.00000456  00000-0 -68983-3 0  9993
2 28572 046.7431 237.5727 6679046 008.7052 358.7183 02.95144189139588
0 SL-12 DEB
1 28572U 89101V   09152.38342216 -.00000607  00000-0 -96102-3 0  9995
2 28572 046.7468 237.2001 6679104 009.0952 358.6594 02.95142526139610
0 SL-12 DEB
1 28572U 89101V   09153.39983910 -.00000883  00000-0 -14892-2 0  9990
2 28572 046.7321 236.7991 6681995 009.3631 358.6187 02.95139886139644
0 SL-12 DEB
1 28572U 89101V   09161.19256481 -.00000286  00000-0 -65501-3 0  9994
2 28572 046.7099 233.8625 6682325 012.4052 358.4198 02.95138036139879
0 SL-12 DEB
1 28572U 89101V   09162.20882346  .00001171  00000-0  27914-2 0  9999
2 28572 046.7247 233.5028 6681645 012.7772 358.2242 02.95148039139900
0 SL-12 DEB
1 28572U 89101V   09163.22517242  .00000461  00000-0  11557-2 0  9999
2 28572 046.7323 233.1290 6682224 013.1128 358.1323 02.95148308139937
0 SL-12 DEB
1 28572U 89101V   09164.24155968  .00000317  00000-0  88861-3 0  9998
2 28572 046.7228 232.7407 6682889 013.4605 358.0831 02.95148873139969
0 SL-12 DEB
1 28572U 89101V   09165.25793954 +.00000117 +00000-0 +51128-3 0  9997
2 28572 046.7193 232.3574 6683248 013.8366 358.0218 02.95148906139998
0 SL-12 DEB
1 28572U 89101V   09166.27432165 -.00000088  00000-0  10823-3 0  9999
2 28572 046.7143 231.9721 6683648 014.2129 357.9610 02.95148384140028
0 SL-12 DEB
1 28572U 89101V   09167.29070907 -.00000279  00000-0 -29023-3 0  9999
2 28572 046.7107 231.5888 6684313 014.5539 357.9063 02.95147265140058
0 SL-12 DEB
1 28572U 89101V   09168.30710618 -.00000446  00000-0 -68066-3 0  9998
2 28572 046.7118 231.2113 6684722 014.9165 357.8505 02.95145545140083
0 SL-12 DEB
1 28572U 89101V   09169.32351554 -.00000544  00000-0 -96098-3 0  9996
2 28572 046.7101 230.8301 6685358 015.2669 357.8033 02.95143674140119
0 SL-12 DEB
1 28572U 89101V   09180.16530628 -.00000386  00000-0 -51620-3 0  9998
2 28572 046.6855 226.7344 6689843 019.2798 357.3602 02.95139530140433
0 SL-12 DEB
1 28572U 89101V   09182.19799162 -.00000007  00000-0  21177-3 0  9996
2 28572 046.6874 225.9812 6691063 019.9727 357.1784 02.95150286140497
0 SL-12 DEB
1 28572U 89101V   09186.26343995 -.00000514  00000-0 -93444-3 0  9997
2 28572 046.6412 224.3816 6699831 020.9281 356.9250 02.95144718140612
0 SL-12 DEB
1 28572U 89101V   09194.05595270 -.00000348  00000-0 -61576-3 0  9994
2 28572 046.7555 221.6546 6691293 024.6398 356.4801 02.95141173140849
0 SL-12 DEB
1 28572U 89101V   09197.10506771 +.00000732 +00000-0 +12412-2 0  9990
2 28572 046.6583 220.3459 6694312 025.6714 356.3564 02.95154822140936
0 SL-12 DEB
1 28572U 89101V   09198.12127987  .00000607  00000-0  88905-3 0  9993
2 28572 046.6135 219.8996 6695064 026.1003 356.1380 02.95155097140962
0 SL-12 DEB
1 28572U 89101V   09199.13763659 +.00000490 +00000-0 +57183-3 0  9991
2 28572 046.6456 219.5670 6695106 026.4733 356.0717 02.95155168140999
0 SL-12 DEB
1 28572U 89101V   09200.15400088 +.00000131 +00000-0 -14462-3 0  9996
2 28572 046.6773 219.2356 6694627 026.9186 355.9989 02.95153916141026
0 SL-12 DEB
1 28572U 89101V   09201.17036881 -.00000002  00000-0 -41989-3 0  9997
2 28572 046.7123 218.9108 6693975 027.3566 355.9271 02.95152831141051
0 SL-12 DEB
1 28572U 89101V   09202.18673486 -.00000245  00000-0 -81104-3 0  9999
2 28572 046.6231 218.3899 6696211 027.6734 355.8819 02.95150803141084
0 SL-12 DEB
1 28572U 89101V   09203.20309738 -.00000369  00000-0 -88625-3 0  9991
2 28572 046.6081 217.9827 6700767 027.6159 355.8700 02.95149129141118
0 SL-12 DEB
1 28572U 89101V   09210.31781375 -.00000544  00000-0 -86660-3 0  9994
2 28572 046.5897 215.2755 6702019 030.4791 355.3899 02.95140754141321
0 SL-12 DEB
1 28572U 89101V   09213.36704732  .00003469  00000-0  50485-2 0  9996
2 28572 046.6216 214.2059 6701864 031.6700 355.5188 02.95167260141417
0 SL-12 DEB
1 28572U 89101V   09214.04427884  .00001170  00000-0  15006-2 0  9999
2 28572 046.6407 213.9671 6702237 031.9132 355.1249 02.95161747141432
0 SL-12 DEB
1 28572U 89101V   09214.38308320 +.00001134 +00000-0 +14304-2 0  9999
2 28572 046.6407 213.8395 6702364 032.0415 355.1330 02.95162334141446
0 SL-12 DEB
1 28572U 89101V   09215.06063240  .00000647  00000-0  67920-3 0  9995
2 28572 046.6449 213.5892 6702562 032.3166 355.0814 02.95162078141460
0 SL-12 DEB
1 28572U 89101V   09215.39941101 +.00000648 +00000-0 +67758-3 0  9992
2 28572 046.6441 213.4607 6702699 032.4431 355.0628 02.95162375141476
0 SL-12 DEB
1 28572U 89101V   09216.07695938  .00000482  00000-0  43152-3 0  9990
2 28572 046.6381 213.1971 6703076 032.6755 355.0187 02.95162297141496
0 SL-12 DEB
1 28572U 89101V   09217.09328291 +.00000323 +00000-0 +22370-3 0  9991
2 28572 046.6300 212.8037 6703520 033.0591 354.9481 02.95162103141528
0 SL-12 DEB
1 28572U 89101V   09218.10960687  .00000098  00000-0 -54025-4 0  9998
2 28572 046.6408 212.4353 6703938 033.4045 354.8757 02.95161077141552
0 SL-12 DEB
1 28572U 89101V   09219.12594208 -.00000090  00000-0 -26443-3 0  9998
2 28572 046.6297 212.0380 6704306 033.8070 354.8050 02.95159781141584
0 SL-12 DEB
1 28572U 89101V   09226.24032571  .00000060  00000-0 -22057-3 0  9992
2 28572 046.6079 209.3197 6707180 036.4949 354.3599 02.95157443141793
0 SL-12 DEB
1 28572U 89101V   09229.28934293  .00001187  00000-0  11872-2 0  9993
2 28572 046.5839 208.1746 6708318 037.6402 354.1599 02.95166547141887
0 SL-12 DEB
1 28572U 89101V   09230.30563068 +.00001060 +00000-0 +10633-2 0  9990
2 28572 046.5859 207.7866 6708788 038.0210 354.0725 02.95168028141910
0 SL-12 DEB
1 28572U 89101V   09230.98316021  .00001020  00000-0  10502-2 0  9990
2 28572 046.5916 207.5205 6709245 038.2742 354.0231 02.95169095141939
0 SL-12 DEB
1 28572U 89101V   09231.32192376 +.00001000 +00000-0 +10501-2 0  9991
2 28572 046.5908 207.3914 6709375 038.4029 353.9974 02.95169655141944
0 SL-12 DEB
1 28572U 89101V   09232.33821140 +.00000758 +00000-0 +81765-3 0  9991
2 28572 046.5893 207.0034 6709865 038.7840 353.9183 02.95170364141979
0 SL-12 DEB
1 28572U 89101V   09233.01574072  .00000545  00000-0  59796-3 0  9999
2 28572 046.5885 206.7450 6710100 039.0398 353.8694 02.95170287141996
0 SL-12 DEB
1 28572U 89101V   09233.35450777 +.00000529 +00000-0 +59832-3 0  9994
2 28572 046.5878 206.6158 6710220 039.1673 353.8491 02.95170617142007
0 SL-12 DEB
1 28572U 89101V   09234.03203453 +.00000188 +00000-0 +20583-3 0  9999
2 28572 046.5856 206.3581 6710431 039.4262 353.7949 02.95169683142021
0 SL-12 DEB
1 28572U 89101V   09235.04833656 -.00000045  00000-0 -57276-4 0  9999
2 28572 046.5851 205.9724 6710751 039.8124 353.7235 02.95168525142051
0 SL-12 DEB
1 28572U 89101V   09245.21136981 -.00000056  00000-0 -19617-3 0  9994
2 28572 046.5672 202.0892 6714459 043.6422 352.9786 02.95164199142357
0 SL-12 DEB
1 28572U 89101V   09246.22774883 -.00057862  00000-0 -63036-1 0  9994
2 28572 046.5517 201.7266 6716328 043.9826 353.0185 02.95115865142388
0 SL-12 DEB
1 28572U 89101V   09247.24440643  .00001138  00000-0  12083-2 0  9991
2 28572 046.5508 201.3377 6715624 044.3672 353.3668 02.95178681142417
0 SL-12 DEB
1 28572U 89101V   09247.92148757 +.00001125 +00000-0 +12083-2 0  9993
2 28572 046.5498 201.0786 6715863 044.6223 352.8675 02.95180182142439
0 SL-12 DEB
1 28572U 89101V   09248.26023996 +.00000954 +00000-0 +10326-2 0  9995
2 28572 046.5576 200.9381 6715746 044.7627 352.8429 02.95180353142442
0 SL-12 DEB
1 28572U 89101V   09248.93774237  .00000781  00000-0  83977-3 0  9991
2 28572 046.5594 200.6769 6716237 045.0121 352.7937 02.95180810142461
0 SL-12 DEB
1 28572U 89101V   09249.27649788 +.00000781 +00000-0 +83568-3 0  9997
2 28572 046.5586 200.5468 6716350 045.1393 352.7747 02.95181332142475
0 SL-12 DEB
1 28572U 89101V   09250.29275575 +.00000665 +00000-0 +68304-3 0  9992
2 28572 046.5563 200.1581 6716634 045.5227 352.7073 02.95181971142502
0 SL-12 DEB
1 28572U 89101V   09250.97025808  .00000582  00000-0  56383-3 0  9991
2 28572 046.5541 199.9007 6716670 045.7808 352.6588 02.95182043142526
0 SL-12 DEB
1 28572U 89101V   09251.98651423 -.00000033  00000-0 -15087-3 0  9990
2 28572 046.5516 199.5065 6717257 046.1812 352.5781 02.95179376142552
0 SL-12 DEB
1 28572U 89101V   09253.00279278 -.00000063  00000-0 -24759-3 0  9998
2 28572 046.5501 199.1198 6717575 046.5527 352.5257 02.95178479142583
0 SL-12 DEB
1 28572U 89101V   09260.79415777 -.00000086  00000-0 -88383-4 0  9997
2 28572 046.5401 196.1283 6720082 049.4947 352.0110 02.95177811142817
0 SL-12 DEB
1 28572U 89101V   09262.14911945  .00000884  00000-0  85718-3 0  9998
2 28572 046.5217 195.6276 6721613 049.9638 351.9221 02.95190516142853
0 SL-12 DEB
1 28572U 89101V   09263.16528177 +.00001283 +00000-0 +12178-2 0  9995
2 28572 046.5237 195.2354 6721913 050.3505 351.7973 02.95193840142888
0 SL-12 DEB
1 28572U 89101V   09264.18148771  .00001451  00000-0  13402-2 0  9994
2 28572 046.5261 194.8425 6722218 050.7352 351.7312 02.95197168142910
0 SL-12 DEB
1 28572U 89101V   09264.85894874 +.00001484 +00000-0 +13402-2 0  9996
2 28572 046.5252 194.5822 6722439 050.9916 351.6818 02.95199148142933
0 SL-12 DEB
1 28572U 89101V   09265.19767927 +.00001502 +00000-0 +13402-2 0  9993
2 28572 046.5248 194.4520 6722549 051.1198 351.6590 02.95200144142946
0 SL-12 DEB
1 28572U 89101V   09266.21386234  .00001476  00000-0  12693-2 0  9996
2 28572 046.5273 194.0579 6722855 051.5043 351.5894 02.95202776142979
0 SL-12 DEB
1 28572U 89101V   09267.23003797  .00001391  00000-0  11493-2 0  9992
2 28572 046.5268 193.6669 6723215 051.8884 351.5172 02.95204810143000
0 SL-12 DEB
1 28572U 89101V   09268.24620135  .00001225  00000-0  97566-3 0  9997
2 28572 046.5259 193.2778 6723369 052.2812 351.4366 02.95206298143032
0 SL-12 DEB
1 28572U 89101V   09268.92364440  .00000829  00000-0  61559-3 0  9998
2 28572 046.5261 193.0184 6723506 052.5440 351.3757 02.95205186143057
0 SL-12 DEB
1 28572U 89101V   09269.93981800  .00000622  00000-0  43153-3 0  9996
2 28572 046.5238 192.6258 6723833 052.9259 351.3065 02.95205306143082
0 SL-12 DEB
1 28572U 89101V   09277.73030981  .00000663  00000-0  54880-3 0  9992
2 28572 046.5215 189.6280 6726021 055.8787 350.7870 02.95216409143317
0 SL-12 DEB
1 28572U 89101V   09279.08508292  .00001164  00000-0  88660-3 0  9997
2 28572 046.4948 189.1212 6726548 056.3541 350.6854 02.95229711143352
0 SL-12 DEB
1 28572U 89101V   09280.10110641  .00002547  00000-0  19352-2 0  9996
2 28572 046.4967 188.7283 6726926 056.7470 350.5593 02.95235778143383
0 SL-12 DEB
1 28572U 89101V   09280.77847259  .00001966  00000-0  14286-2 0  9996
2 28572 046.4948 188.4688 6727088 057.0041 350.4987 02.95236528143409
0 SL-12 DEB
1 28572U 89101V   09281.11716309  .00002254  00000-0  16430-2 0  9990
2 28572 046.4885 188.3484 6727121 057.1387 350.4810 02.95238998143413
0 SL-12 DEB
1 28572U 89101V   09281.79453105  .00002118  00000-0  16549-2 0  9996
2 28572 046.5269 188.0463 6727894 057.3982 350.4432 02.95242140143430
0 SL-12 DEB
1 28572U 89101V   09282.13319647  .00002349  00000-0  16619-2 0  9991
2 28572 046.5070 187.9326 6727678 057.5157 350.4048 02.95243521143440
0 SL-12 DEB
1 28572U 89101V   09282.81053968 +.00002166 +00000-0 +15057-2 0  9999
2 28572 046.5067 187.6710 6727829 057.7693 350.3422 02.95245263143467
0 SL-12 DEB
1 28572U 89101V   09283.14921514 +.00002025 +00000-0 +13901-2 0  9997
2 28572 046.5071 187.5406 6727987 057.9042 350.3161 02.95246213143475
0 SL-12 DEB
1 28572U 89101V   09283.82655547  .00001872  00000-0  12740-2 0  9991
2 28572 046.5071 187.2786 6728233 058.1609 350.2569 02.95247918143496
0 SL-12 DEB
1 28572U 89101V   09284.16522681 +.00001860 +00000-0 +12709-2 0  9993
2 28572 046.5066 187.1474 6728317 058.2889 350.2312 02.95249024143505
0 SL-12 DEB
1 28572U 89101V   09285.85855875  .00001218  00000-0  83809-3 0  9991
2 28572 046.5056 186.4949 6728801 058.9395 350.0786 02.95251256143558
0 SL-12 DEB
1 28572U 89101V   09286.19722904 +.00001207 +00000-0 +84546-3 0  9992
2 28572 046.5057 186.3641 6728832 059.0710 350.0551 02.95252036143562
0 SL-12 DEB
1 28572U 89101V   09286.87455590  .00001055  00000-0  75816-3 0  9992
2 28572 046.5045 186.1023 6728996 059.3233 349.9942 02.95252776143589
0 SL-12 DEB
1 28572U 89101V   09294.32499888  .00001119  00000-0  72260-3 0  9990
2 28572 046.4976 183.2148 6730966 062.1594 349.4013 02.95267849143805
0 SL-12 DEB
1 28572U 89101V   09295.00228280 -.00087622  00000-0 -59097-1 0  9998
2 28572 046.4793 182.9454 6733259 062.4596 349.3267 02.95230846143820
0 SL-12 DEB
1 28572U 89101V   09296.01867146  .00003376  00000-0  22158-2 0  9991
2 28572 046.5032 182.5421 6732352 062.7955 349.7972 02.95284639143851
0 SL-12 DEB
1 28572U 89101V   09296.69540847 +.00003971 +00000-0 +26103-2 0  9996
2 28572 046.4971 182.2857 6732488 063.0496 349.1990 02.95290738143879
0 SL-12 DEB
1 28572U 89101V   09297.71124950  .00003892  00000-0  25461-2 0  9991
2 28572 046.4913 181.9019 6732709 063.4312 349.1058 02.95298274143900
0 SL-12 DEB
1 28572U 89101V   09298.72706762 +.00003648 +00000-0 +23891-2 0  9994
2 28572 046.4915 181.5119 6732804 063.8208 349.0120 02.95304858143931
0 SL-12 DEB
1 28572U 89101V   09299.06567070 +.00003636 +00000-0 +23824-2 0  9992
2 28572 046.4920 181.3816 6732871 063.9487 348.9841 02.95307256143947
0 SL-12 DEB
1 28572U 89101V   09300.08145677  .00003247  00000-0  21255-2 0  9996
2 28572 046.4933 180.9904 6733135 064.3351 348.8875 02.95312903143977
0 SL-12 DEB
1 28572U 89101V   09300.75864344 +.00003053 +00000-0 +19988-2 0  9994
2 28572 046.4937 180.7276 6733309 064.5985 348.8282 02.95316325143995
0 SL-12 DEB
1 28572U 89101V   09301.77440469  .00002690  00000-0  17629-2 0  9991
2 28572 046.4929 180.3361 6733515 064.9921 348.7354 02.95320896144022
0 SL-12 DEB
1 28572U 89101V   09301.77440469 +.00002690 +00000-0 +17629-2 0  9991
2 28572 046.4929 180.3361 6733515 064.9921 348.7354 02.95320896144022
0 SL-12 DEB
1 28572U 89101V   09302.11299182 +.00002637 +00000-0 +17323-2 0  9996
2 28572 046.4941 180.2067 6733490 065.1145 348.7096 02.95322490144037
0 SL-12 DEB
1 28572U 89101V   09302.79017853  .00002386  00000-0  15315-2 0  9993
2 28572 046.5184 179.9271 6734188 065.3718 348.6714 02.95324471144051
0 SL-12 DEB
1 28572U 89101V   09303.12874064 +.00002283 +00000-0 +14892-2 0  9991
2 28572 046.4933 179.8098 6733746 065.4981 348.6215 02.95325675144064
0 SL-12 DEB
1 28572U 89101V   09304.14447037 +.00002027 +00000-0 +13002-2 0  9998
2 28572 046.4919 179.4136 6733965 065.8890 348.5271 02.95328857144092
0 SL-12 DEB
1 28572U 89101V   09311.25417566  .00002140  00000-0  11476-2 0  9991
2 28572 046.4891 176.6542 6735531 068.5998 347.8270 02.95354771144300
0 SL-12 DEB
1 28572U 89101V   09312.60836582  .00002402  00000-0  13135-2 0  9999
2 28572 046.4818 176.1538 6736258 069.0990 347.7449 02.95364319144344
0 SL-12 DEB
1 28572U 89101V   09312.94688643  .00002366  00000-0  12996-2 0  9992
2 28572 046.4680 176.0161 6736352 069.2359 347.7006 02.95365749144356
0 SL-12 DEB
1 28572U 89101V   09313.96246314  .00003579  00000-0  20571-2 0  9995
2 28572 046.4674 175.6201 6736270 069.6265 347.6109 02.95375029144386
0 SL-12 DEB
1 28572U 89101V   09314.63947760 +.00003566 +00000-0 +20571-2 0  9999
2 28572 046.4669 175.3571 6736403 069.8853 347.5252 02.95379699144408
0 SL-12 DEB
1 28572U 89101V   09315.65500238  .00003566  00000-0  20503-2 0  9992
2 28572 046.4809 174.9509 6736744 070.2799 347.4226 02.95386963144438
0 SL-12 DEB
1 28572U 89101V   09316.67050488  .00003439  00000-0  19493-2 0  9997
2 28572 046.4854 174.5509 6737219 070.6511 347.3223 02.95393238144460
0 SL-12 DEB
1 28572U 89101V   09316.67052784  .00003032  00000-0  17227-2 0  9990
2 28572 046.5122 174.5300 6737775 070.6631 347.3468 02.95392712144465
0 SL-12 DEB
1 28572U 89101V   09317.00900761  .00003380  00000-0  19019-2 0  9992
2 28572 046.4828 174.4111 6737404 070.7765 347.2968 02.95395349144478
0 SL-12 DEB
1 28572U 89101V   09317.68599400  .00002962  00000-0  16433-2 0  9992
2 28572 046.4830 174.1471 6737632 071.0509 347.2233 02.95398193144497
0 SL-12 DEB
1 28572U 89101V   09318.70146417 +.00002830 +00000-0 +15377-2 0  9992
2 28572 046.4838 173.7536 6737903 071.4399 347.1237 02.95403264144527
0 SL-12 DEB
1 28572U 89101V   09319.03995162 +.00002779 +00000-0 +14999-2 0  9999
2 28572 046.4839 173.6223 6737955 071.5666 347.0924 02.95404896144530
0 SL-12 DEB
1 28572U 89101V   09320.05539458  .00002812  00000-0  14881-2 0  9993
2 28572 046.4834 173.2271 6738163 071.9562 346.9907 02.95410320144566
0 SL-12 DEB
1 28572U 89101V   09320.73234404 +.00002899 +00000-0 +15203-2 0  9995
2 28572 046.4832 172.9631 6738254 072.2147 346.9222 02.95414287144582
0 SL-12 DEB
1 28572U 89101V   09321.74774812  .00002940  00000-0  15172-2 0  9991
2 28572 046.4827 172.5674 6738498 072.6046 346.8132 02.95419846144610
0 SL-12 DEB
1 28572U 89101V   09321.74774812 +.00002940 +00000-0 +15172-2 0  9991
2 28572 046.4827 172.5674 6738498 072.6046 346.8132 02.95419846144610
0 SL-12 DEB
1 28572U 89101V   09330.54709562  .00002757  00000-0  13831-2 0  9995
2 28572 046.4821 169.1439 6740022 075.9674 345.8056 02.95465867144870
0 SL-12 DEB
1 28572U 89101V   09331.56236212  .00034237  00000-0  18005-1 0  9990
2 28572 046.5208 168.7867 6739288 076.2992 345.7769 02.95512177144900
0 SL-12 DEB
1 28572U 89101V   09331.90068040  .00004753  00000-0  23723-2 0  9994
2 28572 046.4679 168.6121 6740267 076.4914 345.6616 02.95486233144912
0 SL-12 DEB
1 28572U 89101V   09332.57748367  .00004337  00000-0  21261-2 0  9998
2 28572 046.4719 168.3439 6740448 076.7534 345.6214 02.95491103144936
0 SL-12 DEB
1 28572U 89101V   09333.59261611  .00003995  00000-0  19076-2 0  9993
2 28572 046.4735 167.9453 6740625 077.1379 345.5065 02.95497922144965
0 SL-12 DEB
1 28572U 89101V   09333.93099160 +.00003980 +00000-0 +18886-2 0  9991
2 28572 046.4744 167.8130 6740627 077.2673 345.4718 02.95500333144972
0 SL-12 DEB
1 28572U 89101V   09335.62281275  .00003370  00000-0  15156-2 0  9999
2 28572 046.4751 167.1514 6740965 077.9182 345.2660 02.95508975145027
0 SL-12 DEB
1 28572U 89101V   09336.63788530 +.00003056 +00000-0 +13376-2 0  9990
2 28572 046.4741 166.7561 6741106 078.3098 345.1454 02.95513406145050
0 SL-12 DEB
1 28572U 89101V   09336.97624124 +.00003044 +00000-0 +13278-2 0  9993
2 28572 046.4746 166.6250 6741135 078.4373 345.1083 02.95515123145065
0 SL-12 DEB
1 28572U 89101V   09337.65296902  .00002314  00000-0  11226-2 0  9998
2 28572 046.5077 166.3466 6741944 078.7006 345.0479 02.95516548145085
0 SL-12 DEB
1 28572U 89101V   09337.99128323  .00002475  00000-0  10408-2 0  9995
2 28572 046.4739 166.2254 6741348 078.8281 344.9656 02.95517033145093
0 SL-12 DEB
1 28572U 89101V   09338.66799130  .00001941  00000-0  77873-3 0  9997
2 28572 046.4739 165.9584 6741616 079.0809 344.8902 02.95517352145112
0 SL-12 DEB
1 28572U 89101V   09339.00634794 +.00001909 +00000-0 +76791-3 0  9992
2 28572 046.4730 165.8251 6741664 079.2073 344.8587 02.95518320145127
0 SL-12 DEB
1 28572U 89101V   09349.49447720  .00001714  00000-0  69074-3 0  9997
2 28572 046.4684 161.7333 6742143 083.1819 343.4537 02.95547838145436
0 SL-12 DEB
1 28572U 89101V   09349.83285981  .00004090  00000-0  17420-2 0  9991
2 28572 046.4612 161.5958 6743514 083.3686 343.5025 02.95563516145440
0 SL-12 DEB
1 28572U 89101V   09351.52425248 +.00003898 +00000-0 +16480-2 0  9992
2 28572 046.4653 160.9266 6743714 084.0270 343.2430 02.95575759145493
0 SL-12 DEB
1 28572U 89101V   09351.86252759  .00003876  00000-0  16383-2 0  9992
2 28572 046.4654 160.7948 6743738 084.1569 343.1964 02.95578164145503
0 SL-12 DEB
1 28572U 89101V   09352.53906902 +.00003803 +00000-0 +16057-2 0  9991
2 28572 046.4659 160.5295 6743817 084.4168 343.1023 02.95582807145524
0 SL-12 DEB
1 28572U 89101V   09353.55386217  .00003584  00000-0  15107-2 0  9996
2 28572 046.4661 160.1330 6743903 084.8021 342.9598 02.95589016145557
0 SL-12 DEB
1 28572U 89101V   09354.90689073  .00002946  00000-0  12551-2 0  9993
2 28572 046.4669 159.6031 6744090 085.3360 342.7635 02.95595171145599
0 SL-12 DEB
1 28572U 89101V   09354.90689073 +.00002946 +00000-0 +12551-2 0  9993
2 28572 046.4669 159.6031 6744090 085.3360 342.7635 02.95595171145599
0 SL-12 DEB
1 28572U 89101V   09355.92164899  .00003406  00000-0  14576-2 0  9991
2 28572 046.4650 159.2083 6744039 085.7128 342.6508 02.95604129145627
0 SL-12 DEB
1 28572U 89101V   09363.70052059  .00002465  00000-0  92551-3 0  9994
2 28572 046.4649 156.1663 6745791 088.7544 340.9599 02.95629701145855
0 SL-12 DEB
1 28572U 89101V   10001.74483267  .00003910  00000-0  16230-2 0  9993
2 28572 046.4465 154.9856 6744182 089.8645 340.9508 02.95642834145940
0 SL-12 DEB
1 28572U 89101V   10002.42128600 +.00002935 +00000-0 +11838-2 0  9991
2 28572 046.4498 154.7125 6744605 090.1413 340.9088 02.95643396145960
0 SL-12 DEB
1 28572U 89101V   10003.43586314 +.00002896 +00000-0 +11653-2 0  9994
2 28572 046.4579 154.3076 6744755 090.5205 340.7623 02.95649061145991
0 SL-12 DEB
1 28572U 89101V   10004.78858706  .00003042  00000-0  12213-2 0  9997
2 28572 046.4610 153.7752 6744954 091.0335 340.5520 02.95657443146035
0 SL-12 DEB
1 28572U 89101V   10005.46493315  .00003123  00000-0  12503-2 0  9996
2 28572 046.4623 153.5081 6745069 091.2782 340.4458 02.95661550146053
0 SL-12 DEB
1 28572U 89101V   10006.47943996  .00002994  00000-0  11923-2 0  9993
2 28572 046.4621 153.1113 6745113 091.6726 340.2838 02.95666788146086
0 SL-12 DEB
1 28572U 89101V   10006.47943996 +.00002994 +00000-0 +11923-2 0  9993
2 28572 046.4621 153.1113 6745113 091.6726 340.2838 02.95666788146086
0 SL-12 DEB
1 28572U 89101V   10007.49392656 +.00002852 +00000-0 +11292-2 0  9999
2 28572 046.4622 152.7141 6745148 092.0753 340.1153 02.95671493146118
0 SL-12 DEB
1 28572U 89101V   10007.83208682  .00002810  00000-0  11134-2 0  9991
2 28572 046.4621 152.5817 6745089 092.2125 340.0598 02.95672978146126
0 SL-12 DEB
1 28572U 89101V   10009.52284342  .00002326  00000-0  89970-3 0  9992
2 28572 046.4637 151.9194 6745397 092.8592 339.7586 02.95678131146174
0 SL-12 DEB
1 28572U 89101V   10017.63793015  .00001758  00000-0  67051-3 0  9999
2 28572 046.4633 148.7419 6745679 095.9847 338.1231 02.95700915146417
0 SL-12 DEB
1 28572U 89101V   10018.65251940  .00014755  00000-0  58148-2 0  9995
2 28572 046.4635 148.3770 6746553 096.3914 338.1863 02.95717339146449
0 SL-12 DEB
1 28572U 89101V   10019.66677464  .00002230  00000-0  86376-3 0  9990
2 28572 046.4390 147.9664 6745334 096.7567 337.9202 02.95709534146473
0 SL-12 DEB
1 28572U 89101V   10020.68117925 +.00003046 +00000-0 +12028-2 0  9993
2 28572 046.4457 147.5681 6745100 097.1473 337.8374 02.95717352146504
0 SL-12 DEB
1 28572U 89101V   10020.68117926  .00003046  00000-0  12028-2 0  9994
2 28572 046.4457 147.5681 6745100 097.1473 337.8374 02.95717352146504
0 SL-12 DEB
1 28572U 89101V   10021.69545546 +.00003423 +00000-0 +13489-2 0  9990
2 28572 046.4509 147.1676 6745152 097.5444 337.6422 02.95724952146530
0 SL-12 DEB
1 28572U 89101V   10022.37162433 +.00003449 +00000-0 +13518-2 0  9997
2 28572 046.4551 146.8965 6745207 097.8001 337.5113 02.95729430146551
0 SL-12 DEB
1 28572U 89101V   10022.70970907  .00003532  00000-0  13818-2 0  9993
2 28572 046.4569 146.7634 6745243 097.9227 337.4524 02.95732081146565
0 SL-12 DEB
1 28572U 89101V   10023.38586753 +.00003533 +00000-0 +13763-2 0  9990
2 28572 046.4591 146.4951 6745272 098.1798 337.3268 02.95736546146583
0 SL-12 DEB
1 28572U 89101V   10024.40008441  .00003523  00000-0  13668-2 0  9990
2 28572 046.4620 146.0933 6745281 098.5589 337.1364 02.95743088146612
0 SL-12 DEB
1 28572U 89101V   10024.73815433  .00003408  00000-0  13237-2 0  9997
2 28572 046.4618 145.9625 6745168 098.7000 337.0703 02.95744634146624
0 SL-12 DEB
1 28572U 89101V   10025.75233601 +.00003209 +00000-0 +12399-2 0  9998
2 28572 046.4622 145.5655 6745168 099.0984 336.8618 02.95749729146658
0 SL-12 DEB
1 28572U 89101V   10026.76650407  .00002963  00000-0  11383-2 0  9995
2 28572 046.4635 145.1696 6745182 099.4915 336.6550 02.95754024146687
0 SL-12 DEB
1 28572U 89101V   10027.78065988  .00002717  00000-0  10356-2 0  9998
2 28572 046.4645 144.7723 6745257 099.8622 336.4549 02.95757919146712
0 SL-12 DEB
1 28572U 89101V   10049.41132267  .00002769  00000-0  11170-2 0  9999
2 28572 046.4803 136.3003 6743181 108.1834 331.8874 02.95871653147352
0 SL-12 DEB
1 28572U 89101V   10058.53363140  .00001991  00000-0  80658-3 0  9992
2 28572 046.4908 132.7342 6741957 111.6972 326.1115 02.95866338147624
0 SL-12 DEB
1 28572U 89101V   10062.59127350  .00003321  00000-0  13670-2 0  9992
2 28572 046.5258 131.0963 6742849 113.2308 328.5159 02.95913343147742
0 SL-12 DEB
1 28572U 89101V   10063.60217758  .00002718  00000-0  28608-2 0  9993
2 28572 046.5076 130.7611 6711505 116.7516 324.9990 02.95917785147770
0 SL-12 DEB
1 28572U 89101V   10063.60445621  .00003119  00000-0  13005-2 0  9996
2 28572 046.5206 130.7102 6742509 113.6393 327.8575 02.95918592147775
0 SL-12 DEB
1 28572U 89101V   10079.47977885 +.00002257 +00000-0 +94060-3 0  9993
2 28572 046.6091 124.4229 6740534 119.8122 321.6724 02.95979807148249
0 SL-12 DEB
1 28572U 89101V   10080.49400860 -.00042106  00000-0 -18299-1 0  9998
2 28572 046.5430 124.1154 6742159 119.8079 322.4877 02.95959082148279
0 SL-12 DEB
1 28572U 89101V   10081.50773061  .00004145  00000-0  18004-2 0  9991
2 28572 046.5241 123.7558 6740155 120.4460 322.6981 02.96010820148309
0 SL-12 DEB
1 28572U 89101V   10082.52032170  .00003591  00000-0  15473-2 0  9994
2 28572 046.5261 123.3589 6739891 120.8204 321.7716 02.96016477148339
0 SL-12 DEB
1 28572U 89101V   10083.53342775  .00003294  00000-0  13971-2 0  9992
2 28572 046.5284 122.9627 6739832 121.2122 321.4103 02.96021587148369
0 SL-12 DEB
1 28572U 89101V   10084.20884946  .00002854  00000-0  12802-2 0  9991
2 28572 046.5537 122.7064 6740583 121.4822 321.1944 02.96024497148382
0 SL-12 DEB
1 28572U 89101V   10097.37654135  .00002117  00000-0  10156-2 0  9990
2 28572 046.5578 117.5544 6736405 126.4951 314.9559 02.96072780148771
0 SL-12 DEB
1 28572U 89101V   10099.40311020  .00005228  00000-0  25785-2 0  9999
2 28572 046.5904 116.7143 6735977 127.4155 315.1775 02.96108665148832
0 SL-12 DEB
1 28572U 89101V   10100.41552216  .00004953  00000-0  24344-2 0  9991
2 28572 046.5680 116.3495 6735864 127.7709 314.4215 02.96117670148862
0 SL-12 DEB
1 28572U 89101V   10101.42822359  .00004697  00000-0  22825-2 0  9998
2 28572 046.6049 115.9099 6736080 128.0830 314.0173 02.96125929148895
0 SL-12 DEB
1 28572U 89101V   10118.30061163  .00001821  00000-0  10434-2 0  9990
2 28572 046.6313 109.3445 6731602 134.5345 302.5187 02.96182390149397
0 SL-12 DEB
1 28572U 89101V   10120.32817736  .00004104  00000-0  24270-2 0  9990
2 28572 046.6354 108.5560 6730860 135.3154 304.5042 02.96200712149451
0 SL-12 DEB
1 28572U 89101V   10121.34038164  .00003888  00000-0  23333-2 0  9990
2 28572 046.6334 108.1643 6730308 135.7209 303.8537 02.96208081149480
0 SL-12 DEB
1 28572U 89101V   10139.21801781  .00002089  00000-0  13063-2 0  9999
2 28572 046.6327 101.2524 6725301 142.4588 289.3839 02.96268781150013
0 SL-12 DEB
1 28572U 89101V   10140.23277072  .00035261  00000-0  24154-1 0  9993
2 28572 046.6600 100.8286 6724467 142.9593 291.6475 02.96293327150049
0 SL-12 DEB
1 28572U 89101V   10143.94090847  .00003153  00000-0  22586-2 0  9990
2 28572 046.6818 099.3812 6723636 144.3177 286.7651 02.96288857150153
0 SL-12 DEB
1 28572U 89101V   10144.95465273  .00001234  00000-0  95930-3 0  9993
2 28572 046.6661 099.0170 6723462 144.6977 287.9969 02.96281873150180
0 SL-12 DEB
1 28572U 89101V   10144.95465273  .00001234  00000-0  95930-3 0  9993
2 28572 046.6661 099.0170 6723462 144.6977 287.9969 02.96281873150180
0 SL-12 DEB
1 28572U 89101V   10146.97834921  .00000156  00000-0  24641-3 0  9990
2 28572 046.6679 098.2404 6722738 145.4239 286.5196 02.96281826150247
0 SL-12 DEB
1 28572U 89101V   10162.15312648  .00000562  00000-0  58089-3 0  9999
2 28572 046.7016 092.4062 6718508 151.2377 272.6640 02.96302494150691
0 SL-12 DEB
1 28572U 89101V   10183.05756280  .00000834  00000-0  79200-3 0  9995
2 28572 046.6976 084.4073 6714064 158.5103 252.8580 02.96339855151312
0 SL-12 DEB
1 28572U 89101V   10223.83726816  .00000512  00000-0  57010-3 0  9996
2 28572 046.9655 068.6887 6702453 174.0652 200.6629 02.96380598152526
0 SL-12 DEB
1 28572U 89101V   10224.84970731  .00002546  00000-0  30832-2 0  9996
2 28572 046.9048 068.3364 6702981 174.5591 200.9198 02.96394388152551
0 SL-12 DEB
1 28572U 89101V   10225.86014519  .00003265  00000-0  40429-2 0  9994
2 28572 046.8995 067.9557 6702776 174.9484 199.0839 02.96401425152581
0 SL-12 DEB
1 28572U 89101V   10227.88172649  .00002788  00000-0  36544-2 0  9999
2 28572 046.9255 067.1626 6701311 175.6693 196.2287 02.96411621152646
0 SL-12 DEB
1 28572U 89101V   10243.71515957  .00000339  00000-0  53952-3 0  9995
2 28572 046.9404 061.2074 6700084 181.5734 171.2989 02.96411713153119
0 SL-12 DEB
1 28572U 89101V   10246.75032927  .00003698  00000-0  45470-2 0  9999
2 28572 046.9554 060.0539 6699493 182.6741 170.1332 02.96428317153207
0 SL-12 DEB
1 28572U 89101V   10255.50933019  .00004429  00000-0  61644-2 0  9998
2 28572 046.9476 056.7601 6697362 185.8955 158.5649 02.96512432153468
0 SL-12 DEB
1 28572U 89101V   11304.88626792  .00000590  00000-0  11730-2 0  9998
2 28572 046.9812 259.6119 6680504 339.1020 002.9630 02.97058495165759
0 SL-12 DEB
1 28572U 89101V   11310.94537006 +.00002392 +00000-0 +48498-2 0  9994
2 28572 046.9716 257.3240 6680815 341.3501 003.0240 02.97094562165930
0 SL-12 DEB
1 28572U 89101V   11311.95477804 +.00002307 +00000-0 +47442-2 0  9999
2 28572 046.9687 256.9416 6681045 341.7169 002.6311 02.97099747165964
0 SL-12 DEB
1 28572U 89101V   11313.97417822  .00002209  00000-0  48198-2 0  9997
2 28572 046.9466 256.1492 6678076 342.5730 002.5197 02.97109861166026
0 SL-12 DEB
1 28572U 89101V   11314.98385617  .00002288  00000-0  48029-2 0  9995
2 28572 046.9342 255.7509 6678711 342.9405 002.4750 02.97115329166055
0 SL-12 DEB
1 28572U 89101V   11315.99351696  .00002425  00000-0  47252-2 0  9997
2 28572 046.9550 255.4047 6680630 343.2385 002.4370 02.97121308166089
0 SL-12 DEB
1 28572U 89101V   11328.78084886  .00177706  00000-0  30677+0 0  9997
2 28572 046.9560 250.5937 6679199 348.0069 002.5253 02.97399684166461
0 SL-12 DEB
1 28572U 89101V   11330.79513977  .00003340  00000-0  56073-2 0  9992
2 28572 046.9315 249.8095 6683285 348.6418 357.8740 02.97236074166527
0 SL-12 DEB
1 28572U 89101V   11335.14422866  .00179009  00000-0  31895+0 0  9990
2 28572 047.0493 248.2904 6660128 350.4127 001.4805 02.99678547166652
0 SL-12 DEB
1 28572U 89101V   11353.66903450  .00002501  00000-0  41606-2 0  9996
2 28572 046.9331 241.1479 6685665 357.2231 359.0152 02.97360212167208
0 SL-12 DEB
1 28572U 89101V   11353.66903450  .00002483  00000-0  41657-2 0  9991
2 28572 046.9244 241.1406 6685312 357.2459 359.0129 02.97359768167200
0 SL-12 DEB
1 28572U 89101V   11356.69685424  .00010086  00000-0  16020-1 0  9998
2 28572 046.9990 240.0630 6683227 358.4594 000.3485 02.97399491167298
0 SL-12 DEB
1 28572U 89101V   11360.73109515  .00002161  00000-0  31362-2 0  9992
2 28572 046.9160 238.4681 6686061 359.8625 359.3691 02.97394280167414
0 SL-12 DEB
1 28572U 89101V   11362.74921409  .00001851  00000-0  27744-2 0  9993
2 28572 046.9084 237.6946 6687065 000.5805 000.0243 02.97401032167472
0 SL-12 DEB
1 28572U 89101V   11363.75790117  .00001707  00000-0  26242-2 0  9997
2 28572 046.9047 237.3082 6687747 000.9230 359.9720 02.97404153167509
0 SL-12 DEB
1 28572U 89101V   11364.76657418  .00001555  00000-0  24754-2 0  9992
2 28572 046.9046 236.9264 6688087 001.2840 359.9086 02.97406804167537
0 SL-12 DEB
1 28572U 89101V   11365.77524535  .00001472  00000-0  23837-2 0  9996
2 28572 046.8965 236.5353 6688737 001.6323 359.8597 02.97409818167560
0 SL-12 DEB
1 28572U 89101V   12001.78390463  .00001398  00000-0  23301-2 0  9999
2 28572 046.9003 236.1615 6688140 002.0419 359.7935 02.97412365167599
0 SL-12 DEB
1 28572U 89101V   12021.61853325 +.00001638 +00000-0 +19692-2 0  9999
2 28572 046.8517 228.5655 6688645 009.7899 358.2054 02.97467022168185
0 SL-12 DEB
1 28572U 89101V   12026.66108967  .00001092  00000-0  20461-2 0  9994
2 28572 046.9138 226.7612 6677012 012.4757 358.3365 02.97488765168338
0 SL-12 DEB
1 28572U 89101V   12029.68606151  .00000677  00000-0  12016-2 0  9992
2 28572 046.8556 225.5297 6683577 013.3117 357.9911 02.97491138168420
0 SL-12 DEB
1 28572U 89101V   12047.49996411  .00001271  00000-0  98286-3 0  9997
2 28572 046.8085 218.6700 6703184 019.1318 357.2932 02.97526480168956
0 SL-12 DEB
1 28572U 89101V   12048.50804879  .00001672  00000-0  13231-2 0  9997
2 28572 046.8069 218.2822 6703526 019.5119 357.0904 02.97536281168982
0 SL-12 DEB
1 28572U 89101V   12049.51622648  .00001946  00000-0  16625-2 0  9995
2 28572 046.8450 217.9551 6701963 020.0586 356.9832 02.97545239169015
0 SL-12 DEB
1 28572U 89101V   12050.52438282  .00001364  00000-0  11084-2 0  9995
2 28572 046.8004 217.5146 6703023 020.3974 356.8930 02.97546509169041
0 SL-12 DEB
1 28572U 89101V   12051.53256218 +.00001321 +00000-0 +11259-2 0  9991
2 28572 046.7924 217.1190 6703468 020.7773 356.8265 02.97548979169077
0 SL-12 DEB
1 28572U 89101V   12052.54073082  .00001215  00000-0  10953-2 0  9991
2 28572 046.7855 216.7246 6703894 021.1566 356.7565 02.97551239169104
0 SL-12 DEB
1 28572U 89101V   12053.54889510 +.00001068 +00000-0 +10243-2 0  9991
2 28572 046.7741 216.3237 6704297 021.5468 356.6867 02.97553082169132
0 SL-12 DEB
1 28572U 89101V   12054.55705776  .00000904  00000-0  91999-3 0  9990
2 28572 046.7780 215.9426 6704893 021.8919 356.6226 02.97554413169167
0 SL-12 DEB
1 28572U 89101V   12055.56522524  .00000772  00000-0  82283-3 0  9999
2 28572 046.7760 215.5537 6705606 022.2308 356.5684 02.97555496169196
0 SL-12 DEB
1 28572U 89101V   12056.57339306 +.00000767 +00000-0 +81746-3 0  9992
2 28572 046.7726 215.1629 6705979 022.6126 356.5213 02.97557393169221
0 SL-12 DEB
1 28572U 89101V   12106.97300359  .00003455  00000-0  19389-2 0  9998
2 28572 046.7825 195.7635 6720827 041.8324 005.5851 02.97851065170722
0 SL-12 DEB
1 28572U 89101V   12108.64022440  .00003582  00000-0  20413-2 0  9997
2 28572 046.6637 194.9607 6721299 042.4501 353.3483 02.97863753170777
0 SL-12 DEB
1 28572U 89101V   12109.31160911  .00003677  00000-0  20866-2 0  9995
2 28572 046.6729 194.7121 6721594 042.6601 353.2968 02.97869464170793
0 SL-12 DEB
1 28572U 89101V   12109.64730614 +.00003666 +00000-0 +20790-2 0  9998
2 28572 046.6732 194.5816 6721686 042.7924 353.2772 02.97872117170801
0 SL-12 DEB
1 28572U 89101V   12110.31868880  .00004061  00000-0  22851-2 0  9991
2 28572 046.6587 194.3005 6721709 043.0781 353.2438 02.97879663170822
0 SL-12 DEB
1 28572U 89101V   12111.32572018  .00004110  00000-0  22787-2 0  9991
2 28572 046.6576 193.9055 6721984 043.4782 353.1700 02.97888659170859
0 SL-12 DEB
1 28572U 89101V   12112.33273176 +.00004320 +00000-0 +23406-2 0  9998
2 28572 046.6573 193.5106 6722233 043.8657 353.1172 02.97898870170884
0 SL-12 DEB
1 28572U 89101V   12114.34664588  .00004732  00000-0  24150-2 0  9996
2 28572 046.6498 192.7147 6722847 044.6443 353.0167 02.97920317170941
0 SL-12 DEB
1 28572U 89101V   12135.14907727  .00005925  00000-0  23710-2 0  9998
2 28572 046.6089 184.4707 6728337 052.7275 354.5202 02.98184117171566
0 SL-12 DEB
1 28572U 89101V   12136.15222201 -.00009894  00000-0 -39187-2 0  9993
2 28572 046.6368 184.1633 6727596 052.9755 351.5560 02.98224305171593
0 SL-12 DEB
1 28572U 89101V   12273.90341556  .00056377  00000-0  66944-2 0  9990
2 28572 046.6095 128.6924 6714215 107.2020 290.0669 03.04269862175696
0 SL-12 DEB
1 28572U 89101V   12274.92723747  .00056452  00000-0  70812-2 0  9992
2 28572 046.5826 128.3033 6712161 107.6343 331.7505 03.04385690175730
0 SL-12 DEB
1 28572U 89101V   12293.58370209  .00059717  00000-0  84172-2 0  9997
2 28572 046.6097 120.6189 6693668 115.1112 325.9409 03.06548393176301
0 SL-12 DEB
1 28572U 89101V   12294.88801455  .00060094  00000-0  67406-2 0  9994
2 28572 046.6244 120.0264 6697588 115.4969 325.8405 03.06712919176347
0 SL-12 DEB
1 28572U 89101V   12295.86568722  .00067240  00000-0  88197-2 0  9990
2 28572 046.6109 119.6287 6693008 116.2391 325.6095 03.06864918176370
0 SL-12 DEB
1 28572U 89101V   12296.51679741 +.00067108 +00000-0 +88891-2 0  9991
2 28572 046.6166 119.3526 6692150 116.5112 325.0052 03.06952069176391
0 SL-12 DEB
1 28572U 89101V   12296.84244600  .00067183  00000-0  86746-2 0  9999
2 28572 046.6286 119.2049 6692412 116.5943 324.8914 03.06995794176404
0 SL-12 DEB
1 28572U 89101V   12297.49365249  .00067674  00000-0  86855-2 0  9990
2 28572 046.6063 118.9699 6691901 116.8215 324.7065 03.07084780176424
0 SL-12 DEB
1 28572U 89101V   12298.47007637 +.00067687 +00000-0 +87765-2 0  9998
2 28572 046.6088 118.5630 6690708 117.2188 324.3877 03.07217084176455
0 SL-12 DEB
1 28572U 89101V   12310.80126104  .00063945  00000-0  92187-2 0  9998
2 28572 046.6716 113.3770 6676862 122.2244 316.7525 03.08777104176837
0 SL-12 DEB
1 28572U 89101V   12322.75204834  .00059176  00000-0  90651-2 0  9997
2 28572 046.7057 108.3362 6666138 127.2728 305.6101 03.10049343177203
0 SL-12 DEB
1 28572U 89101V   12326.94715323  .00058960  00000-0  89233-2 0  9996
2 28572 046.6898 106.6079 6662860 128.7450 311.8553 03.10542471177331
0 SL-12 DEB
1 28572U 89101V   12342.73679160 -.00000004  00000-0  00000+0 0  9998
2 28572 046.7308 099.8981 6653923 135.4580 002.2549 03.11677864177828
0 SL-12 DEB
1 28572U 89101V   12342.73679160  .00057351  00000-0  89233-2 0  9992
2 28572 046.7308 099.8981 6653923 135.4580 002.2549 03.11677864177828
0 SL-12 DEB
1 28572U 89101V   12345.24921564  .00030512  00000-0  55255-2 0  9996
2 28572 046.6603 098.9465 6648498 136.3267 302.7988 03.11909120177890
0 SL-12 DEB
1 28572U 89101V   13003.53977697  .00028719  00000-0  65687-2 0  9994
2 28572 046.7904 088.6661 6632763 147.2587 271.1602 03.13222227178658
0 SL-12 DEB
1 28572U 89101V   13003.54966459  .00028717  00000-0  65440-2 0  9994
2 28572 046.7896 088.6955 6632821 146.6786 282.3995 03.13223765177312
0 SL-12 DEB
1 28572U 89101V   13075.40000000 -.00000191  00000-0  00000+0 0  9994
2 28572 046.9610 058.6710 6609648 175.6870 079.2470 03.14257580180904
0 SL-12 DEB
1 28572U 89101V   13082.17677018  .00010062  00000-0  40500-2 0  9994
2 28572 046.9779 055.8399 6607456 178.4382 187.4851 03.14387215181114
0 SL-12 DEB
1 28572U 89101V   13083.44602899 -.00042369  00000-0 -17051-1 0  9991
2 28572 046.9917 055.3054 6607772 178.9493 184.0172 03.14338936181159
0 SL-12 DEB
1 28572U 89101V   13084.39935425  .00006012  00000-0  24402-2 0  9992
2 28572 046.9900 054.9150 6607805 179.3927 182.9557 03.14397238181184
0 SL-12 DEB
1 28572U 89101V   13097.10190289  .00005846  00000-0  25142-2 0  9992
2 28572 046.9962 049.6444 6605207 184.5474 163.5273 03.14550790181586
0 SL-12 DEB
1 28572U 89101V   13098.05443801  .00011501  00000-0  53253-2 0  9997
2 28572 047.0167 049.2150 6602309 184.8468 162.2670 03.14593957181614
0 SL-12 DEB
1 28572U 89101V   13098.37210242  .00011420  00000-0  51661-2 0  9994
2 28572 047.0099 049.0931 6603152 185.0143 162.0308 03.14601417181621
0 SL-12 DEB
1 28572U 89101V   13105.03688741  .00008479  00000-0  39155-2 0  9993
2 28572 047.0121 046.3276 6601842 187.7552 151.5816 03.14714042181835
0 SL-12 DEB
1 28572U 89101V   13106.30663730  .00151821  00000-0  71215-1 0  9997
2 28572 046.9837 045.8283 6598896 188.1402 150.1575 03.14872814181875
0 SL-12 DEB
1 28572U 89101V   13147.84047994  .00007264  00000-0  32326-2 0  9991
2 28572 046.9688 028.5340 6597350 205.1459 096.4435 03.15351302183174
0 SL-12 DEB
1 28572U 89101V   13203.55856248  .00005047  00000-0  25936-2 0  9998
2 28572 047.1387 005.1361 6586886 227.5485 053.6613 03.15938090184939
0 SL-12 DEB
1 28572U 89101V   13203.55856248  .00005047  00000-0  25936-2 0  9998
2 28572 047.1387 005.1361 6586886 227.5485 053.6613 03.15938090184939
0 SL-12 DEB
1 28572U 89101V   13203.55856248  .00005047  00000-0  25936-2 0  9998
2 28572 047.1387 005.1361 6586886 227.5485 053.6613 03.15938090184939
0 SL-12 DEB
1 28572U 89101V   14360.74241057  .00000088  00000-0  00000+0 0  9992
2 28572 047.1791 139.4848 6472929 088.1150 339.4402 03.39552285201431
0 SL-12 DEB
1 28572U 89101V   14360.74241057 +.00000088 +00000-0 +00000-0 0  9993
2 28572 047.1791 139.4848 6472929 088.1150 339.4402 03.39552285201431
0 SL-12 DEB
1 28572U 89101V   14360.74244372 +.00013888 +00000-0 +89610-3 0  9995
2 28572 047.1842 139.5265 6505074 088.1064 339.7289 03.35174300201434
0 SL-12 DEB
1 28572U 89101V   14360.74244372  .00013888  00000-0  89610-3 0  9995
2 28572  47.1842 139.5265 6505074  88.1064 339.7289  3.35174300201434
0 SL-12 DEB
1 28572U 89101V   14360.74244372 +.00013888 +00000-0 +89610-3 0  9995
2 28572 047.1842 139.5265 6505074 088.1064 339.7289 03.35174300201434
0 SL-12 DEB
1 28572U 89101V   14360.74244372  .00013888  00000-0  89610-3 0  9995
2 28572  47.1842 139.5265 6505074  88.1064 339.7289  3.35174300201434
0 SL-12 DEB
1 28572U 89101V   14360.74244372  .00013888  00000-0  89610-3 0  9995
2 28572  47.1842 139.5265 6505074  88.1064 339.7289  3.35174300201434
0 SL-12 DEB
1 28572U 89101V   14360.76801015 +.00013805 +00000-0 +89052-3 0  9999
2 28572 047.1842 139.5147 6505073 088.1177 010.5781 03.35175006201432
0 SL-12 DEB
1 28572U 89101V   14360.76801015  .00013805  00000-0  89052-3 0  9999
2 28572  47.1842 139.5147 6505073  88.1177  10.5781  3.35175006201432
0 SL-12 DEB
1 28572U 89101V   14360.76801015 +.00013805 +00000-0 +89052-3 0  9999
2 28572 047.1842 139.5147 6505073 088.1177 010.5781 03.35175006201432
0 SL-12 DEB
1 28572U 89101V   14360.76801015 +.00013805 +00000-0 +89052-3 0  9999
2 28572 047.1842 139.5147 6505073 088.1177 010.5781 03.35175006201432
0 SL-12 DEB
1 28572U 89101V   14360.76801015 +.00013805 +00000-0 +89052-3 0  9999
2 28572 047.1842 139.5147 6505073 088.1177 010.5781 03.35175006201432
0 SL-12 DEB
1 28572U 89101V   14360.76801015 +.00013805 +00000-0 +89052-3 0  9999
2 28572 047.1842 139.5147 6505073 088.1177 010.5781 03.35175006201432
0 SL-12 DEB
1 28572U 89101V   14360.76801015 +.00013805 +00000-0 +89052-3 0  9999
2 28572 047.1842 139.5147 6505073 088.1177 010.5781 03.35175006201432
0 SL-12 DEB
1 28572U 89101V   14360.76801015 +.00013805 +00000-0 +89052-3 0  9999
2 28572 047.1842 139.5147 6505073 088.1177 010.5781 03.35175006201432
0 SL-12 DEB
1 28572U 89101V   14360.76801015 +.00013805 +00000-0 +89052-3 0  9999
2 28572 047.1842 139.5147 6505073 088.1177 010.5781 03.35175006201432
0 SL-12 DEB
1 28572U 89101V   14360.76801015 +.00013805 +00000-0 +89052-3 0  9999
2 28572 047.1842 139.5147 6505073 088.1177 010.5781 03.35175006201432
0 SL-12 DEB
1 28572U 89101V   14360.76801015 +.00013805 +00000-0 +89052-3 0  9999
2 28572 047.1842 139.5147 6505073 088.1177 010.5781 03.35175006201432
0 SL-12 DEB
1 28572U 89101V   14360.76801015 +.00013805 +00000-0 +89052-3 0  9999
2 28572 047.1842 139.5147 6505073 088.1177 010.5781 03.35175006201432
