102                       101.9935820607179         411.9633267861697         
104                       103.9935800605936         289.8630384362842         
106                       105.9935780604719         205.3121801177653         
108                       107.9935760603476         146.6324885373763         
110                       109.9935740602223         105.7475400145311         
112                       111.9935720600997         77.10119604592414         
114                       113.9935700599772         56.8864503981519          
116                       115.993568059851          42.5007919210231          
118                       117.9935660597284         32.16579998919805         
120                       119.993564059605          24.66430520018404         
122                       121.9935620594833         19.16045388979052         
124                       123.9935600593608         15.07738950163976         
126                       125.9935580592364         12.02067344655134         
128                       127.993556059113          9.716677703444272         
130                       129.9935540589913         7.94935277821424          
132                       131.9935520588706         6.57281467555828          
134                       133.9935500587453         5.486061006072985         
136                       135.9935480586237         4.617693552431216         
138                       137.9935460585039         3.916298043268586         
140                       139.9935440583804         3.344231475818406         
142                       141.9935420582588         2.873518420809332         
144                       143.9935400581362         2.483084760799949         
146                       145.9935380580137         2.15685839020731          
148                       147.9935360578929         1.882443191463849         
150                       149.9935340577686         1.650179015709142         
152                       151.9935320576451         1.452465912680433         
154                       153.9935300575244         1.283272030895843         
156                       155.9935280574009         1.137770981875696         
158                       157.9935260572811         1.012071649623344         
160                       159.9935240571594         0.9030148092782424        
162                       161.9935220570369         0.8080185702157997        
164                       163.9935200569171         0.7249598736770553        
166                       165.9935180567945         0.6520828752207541        
168                       167.9935160566702         0.5879275578970855        
170                       169.9935140565494         0.5312736996954142        
172                       171.9935120564296         0.4810965883255763        
174                       173.9935100563089         0.4365317920586314        
176                       175.9935080561881         0.3968469620057226        
178                       177.9935060560674         0.3614191308672277        
180                       179.9935040559494         0.329716335845629         
182                       181.9935020558278         0.3012826641473459        
184                       183.9935000557061         0.2757260231188025        
186                       185.9934980555854         0.2527080913012151        
188                       187.9934960554647         0.2319360243085135        
190                       189.9934940553412         0.2131555797098933        
192                       191.9934920552223         0.1961453948114769        
194                       193.9934900550988         0.1807122053813796        
196                       195.993488054979          0.1666868356564278        
198                       197.9934860548583         0.1539208231833107        
200                       199.9934840547348         0.1422835682587554        
202                       201.9934820546141         0.1337848743286496        
204                       203.9934800544961         0.1240293879113955        
206                       205.9934780543754         0.1150921726512468        
208                       207.9934760542528         0.1068941258468046        
210                       209.9934740541321         0.09936486715860539       
212                       211.9934720540141         0.09244165715968342       
214                       213.9934700538952         0.08606846470912001       
216                       215.9934680537754         0.08019516065975663       
218                       217.9934660536537         0.07477681910889006       
220                       219.9934640535312         0.06977311044199329       
222                       221.9934620534123         0.06514777292967154       
224                       223.9934600532952         0.0608681517162247        
226                       225.9934580531763         0.0569047957640878        
228                       227.9934560530546         0.05323110475628937       
230                       229.9934540529339         0.0498230191601883        
232                       231.9934520528159         0.04665874766209124       
234                       233.9934500526952         0.04371852702769269       
236                       235.9934480525772         0.04098441015534842       
238                       237.9934460524582         0.03844007869060039       
240                       239.9934440523402         0.03607067707918587       
242                       241.9934420522213         0.03386266536790948       
244                       243.9934400521024         0.03180368843000243       
246                       245.9934380519826         0.02988245960488214       
248                       247.9934360518655         0.02808865700975076       
250                       249.9934340517448         0.0264128310096271        
252                       251.9934320516268         0.02484632152889333       
254                       253.993430051506          0.02338118405654045       
256                       255.9934280513889         0.02201012334272106       
258                       257.9934260512691         0.02072643390998481       
260                       259.993424051152          0.01952394661106098       
262                       261.9934220510331         0.01839698055927029       
264                       263.9934200509169         0.01734029983917617       
266                       265.9934180507998         0.01634907447615317       
268                       267.9934160506828         0.01541884520525268       
270                       269.9934140505638         0.01454549163370148       
272                       271.9934120504477         0.01372520343838327       
274                       273.9934100503287         0.01295445428087254       
276                       275.9934080502107         0.01222997815860913       
278                       277.9934060500937         0.01154874794252026       
280                       279.9934040499766         0.01090795587915084       
282                       281.9934020498549         0.01030499585986307       
284                       283.9934000497369         0.009737447281221409      
286                       285.9933980496226         0.009203060339707273      
288                       287.9933960495064         0.008699742620696241      
290                       289.9933940493875         0.008225546856504637      
292                       291.9933920492704         0.007778659741478776      
294                       293.9933900491524         0.00735739170377113       
296                       295.9933880490344         0.006960167543791135      
298                       297.99338604892           0.006585517858550835      
300                       299.993384048802          0.006232071179305947      
